00705
00610
00611
00612
00601
00631
00602
00603
00604
00605
00703
00704
07675
07677
07885
07981
07999
08888
08889
07095
07481
10451
10452
10453
10454
10455
10456
10457
10458
10459
10460
10461
10462
10463
10464
10465
10466
10467
10468
10469
10470
10471
10472
10473
10474
10475
10499
10001
10002
10003
10004
10005
10006
10007
10008
10009
10010
10011
10012
10013
10014
10016
10017
10018
10019
10020
10021
10022
10023
10024
10025
10026
10027
10028
10029
10030
10031
10032
10033
10034
00613
00614
00714
00616
00617
00794
00622
00623
00627
00729
00979
00981
00982
00983
00984
00985
00986
00987
00988
00736
00739
00769
00782
00783
09848
10200
09323
00659
00660
00791
00792
00662
00664
00795
00777
00728
00725
00726
00727
00737
00735
00742
00638
00780
00775
00646
00647
00738
00650
00652
00653
00784
00785
00656
00965
00966
00968
00969
00970
00971
00778
00667
00786
00669
00670
00771
00931
00933
00934
00935
00936
00772
00773
00674
00606
00707
00636
00680
00681
00682
00715
00676
00687
00718
00719
00720
00723
00624
00716
00717
00730
00731
00732
00733
00734
00740
00741
00678
00677
00744
00721
00745
00637
00688
00952
00751
00690
00683
00901
00902
00906
00907
00908
00909
00910
00911
00912
00913
00914
00915
00916
00917
00918
00919
00920
00921
00922
00923
00924
00925
00926
00927
00928
00929
00930
00937
00939
00940
00955
00956
00957
00958
00959
00801
00802
00803
00804
00805
00820
00821
00822
00823
00824
00830
00831
00840
00841
00850
00851
02478
02479
02445
02446
02447
02420
02421
02492
02494
02456
02458
02459
02460
02461
02462
02464
02465
02466
00960
00961
00962
00963
00975
00976
00977
00978
00754
00685
00757
00953
00954
00949
00950
00951
00641
00692
00693
00694
00765
00766
00767
00698
02467
02468
02495
02451
02452
02453
02454
02455
02471
02472
02477
02457
02481
02482
02493
02184
02185
02186
02187
02169
02170
02171
02269
02188
02189
02190
02191
01718
01719
01720
02474
02475
02476
02150
02149
02152
02151
02148
02176
02153
02155
02156
02143
02144
02145
02180
01913
01810
01812
01899
05501
01586
02054
01529
02350
02553
02554
02564
02584
01760
01531
01950
01951
01952
02056
02351
01862
01532
01534
01535
02355
02650
01863
02651
02356
02357
02556
02565
01536
02059
01537
02358
01864
01889
05544
01430
01431
01721
01501
02322
01432
01434
01436
02630
01730
01731
02019
01503
01915
01821
01822
01504
01740
02108
02109
02110
02111
02112
02113
02114
02115
02116
02117
02118
02119
02120
02121
02122
02123
02124
02125
02126
02127
02128
02129
02130
02131
02132
02133
02134
02135
02136
02137
02163
02196
02199
02201
02203
02204
02205
02206
02210
02211
02212
02215
02217
02222
02228
02241
02266
02283
02284
02293
02295
02297
02298
01921
01505
02020
02631
02324
02325
02301
02302
02303
02304
02305
01506
02327
01803
01805
02532
02542
01922
02138
02139
02140
02141
02142
02238
02021
01741
02330
02534
02632
02634
01507
01509
01508
02633
01824
02535
02552
01510
02025
01742
02635
02652
01538
02061
02062
01865
02557
02558
02653
02655
01540
01960
01961
02359
01463
01866
02360
02361
02362
02367
02559
01965
01541
02657
02368
01867
01542
02370
01966
01969
01543
02561
02562
01970
01971
02563
02040
02055
02060
02066
02067
02070
01770
01464
01545
01546
01745
01772
01550
02366
02659
02660
02375
01560
01982
02661
01561
02662
02071
02663
02664
02673
01562
01564
01467
02072
01775
01518
01566
01776
01590
01468
01876
01983
01469
01474
02666
01879
01569
02568
02573
01880
02081
02571
01778
01570
01571
02667
02637
01923
02026
02027
02638
02639
02030
01826
01827
02331
02332
02333
01515
02641
01516
02536
02642
02334
02643
01517
02537
01438
02032
02538
02539
02337
01929
02540
02541
02543
01521
01420
02644
02035
01701
01702
01703
01704
01705
02038
01440
01930
01931
01519
02041
01450
01470
01471
02338
01936
02339
02340
02341
01451
02645
02646
01937
01830
01831
01832
01833
01834
01835
02018
02043
02044
02343
01520
01746
01747
01748
01452
01749
02045
02047
02601
02647
01938
01522
01523
01840
01841
01842
01843
01844
01845
01524
01453
01773
01525
01460
01850
01851
01852
01853
01854
01462
01901
01902
01903
01904
01905
01906
01907
01908
01910
01940
01526
01944
02345
02048
01945
01752
02050
02065
02051
02648
02649
01754
02052
02053
01756
01860
02344
02346
02348
02349
01949
01757
01527
01984
02668
01580
01581
01582
01885
01583
02379
01585
02669
02670
02574
01886
01472
02671
02672
01441
01473
01985
02575
01568
02576
02090
02381
01588
02382
01887
01475
01477
01890
01801
01807
01813
01815
01888
01784
01601
01602
01603
01604
01605
01606
01607
01608
01609
01610
01611
01612
01613
01614
01615
01653
01654
01655
02093
02675
02364
02347
04406
04001
04606
04910
04002
04535
04216
04911
04732
04912
04210
04211
04212
04330
04332
04333
04336
04338
04408
04003
04401
04402
04609
04004
04635
04653
04530
04611
04915
04917
04918
04733
04612
03901
04217
04286
04005
04007
04006
04920
04613
04734
04614
04629
04537
04549
04538
04570
04008
04410
04411
04412
04735
04009
04539
04616
04921
04617
04642
04413
04010
04414
04415
04011
04219
04220
04416
04417
04922
04619
04923
04843
04847
04924
04221
03902
04925
04418
04736
04419
04015
04420
04421
04016
04541
04422
04017
04622
04926
04019
04927
04623
04341
04624
04928
04020
04625
04738
04021
04563
04626
04543
04424
04492
04223
04627
04022
04628
04929
04930
04224
04932
04426
04481
04342
04225
04739
04226
04024
04544
04427
04227
04428
04429
04027
04228
04630
04430
04933
04740
04431
04028
04230
04631
04029
04231
04935
04030
04234
04343
03903
04605
04434
04936
04435
04937
04938
04940
04742
04737
04741
04743
04744
04438
04634
04941
04032
04033
04034
04547
04037
04344
04345
04346
04939
04548
04038
04607
04746
04039
04236
04441
04485
04442
04443
04347
04444
04640
04237
04942
04643
04040
04943
04238
04944
04041
04042
04730
04761
04448
04449
04644
04747
04848
04646
04945
04239
04262
04348
04648
04649
04450
04043
04014
04046
04349
04047
04947
04451
03904
03905
04453
04455
04263
04456
04240
04241
04243
04949
04048
04750
04751
04049
04457
04849
04850
04222
04250
04252
04350
04650
04253
04254
04255
04050
04051
04652
04654
04686
04655
04756
04950
04351
04757
04758
04851
04459
04256
04657
04551
04460
04257
04658
04461
04462
04463
04258
04852
04259
04951
04464
04760
04054
04952
04660
04352
04055
04553
04056
04260
04554
04558
04953
04261
04955
04762
04956
04555
04957
04958
03906
04057
04662
04556
04853
04265
04954
04961
04664
04266
04962
04061
04267
04353
04062
04082
04268
04763
04963
03907
04063
04064
04468
04964
04471
04472
04469
04473
04474
04066
04854
04764
04270
04354
04965
04271
04475
04765
04666
04476
04766
04667
04966
04562
04967
04969
04274
04768
04855
04068
04101
04102
04103
04104
04105
04106
04107
04108
04109
04110
04112
04116
04122
04123
04124
04069
04769
04637
04668
04669
04970
04071
04355
04357
04671
04841
04846
04856
04478
04564
04275
04276
04280
04072
04772
04971
04773
04774
04672
04972
04073
04479
04070
04074
04674
04675
04973
04974
04565
04673
04676
04076
04975
04775
04776
04777
04779
04976
04978
04780
04781
04979
04677
03908
04568
04077
04358
04013
04078
04359
04079
04281
04858
04679
04487
04083
04859
04084
04085
04488
04680
04489
04783
04981
04645
04681
04982
04983
04683
04684
04685
04984
04860
04861
04986
04490
04086
04571
04987
04282
04862
04988
04745
04785
04454
04491
04989
04360
04863
04572
04573
04864
04786
04574
04087
04088
04901
04903
04284
04285
04090
04091
04575
04287
04092
04098
04093
04493
04992
04787
04985
04094
04288
04095
04289
04290
04291
04865
04576
04292
04691
04294
04363
04495
04693
04496
04364
04578
04694
04579
04497
04096
04097
03909
03910
03911
03601
03602
03607
03809
03810
03031
03216
03440
03217
03441
03811
03032
03218
03825
03812
03740
03220
03442
03570
03574
03221
03222
03033
03215
03223
03285
03741
03034
03040
03224
03225
03813
03226
03814
03227
03603
03036
03443
03817
03743
03576
03301
03302
03303
03304
03305
03307
03229
03818
03745
03746
03230
03819
03037
03038
03820
03821
03822
03823
03444
03824
03861
03231
03041
03826
03827
03605
03445
03457
03446
03830
03233
03748
03749
03042
03234
03258
03579
03750
03833
03835
03447
03043
03580
03235
03836
03044
03751
03237
03837
03448
03838
03238
03045
03046
03581
03593
03752
03240
03753
03047
03840
03048
03582
03754
03841
03842
03843
03844
03449
03755
03450
03765
03241
03242
03243
03244
03451
03245
03049
03051
03052
03845
03846
03452
03583
03847
03431
03435
03848
03246
03247
03249
03584
03756
03766
03784
03251
03585
03586
03561
03252
03053
03768
03769
03832
03849
03101
03102
03103
03104
03105
03106
03107
03108
03109
03110
03111
03455
03456
03464
03850
03253
03770
03054
03588
03055
03851
03852
03853
03771
03057
03254
03060
03061
03062
03063
03064
03070
03255
03272
03854
03855
03856
03256
03071
03257
03857
03773
03858
03859
03860
03862
03774
03073
03259
03590
03260
03261
03262
03293
03290
03777
03864
03076
03458
03779
03780
03592
03263
03781
03865
03264
03801
03802
03803
03804
03805
03077
03461
03839
03866
03867
03868
03869
03266
03274
03870
03871
03079
03268
03269
03872
03873
03874
03875
03878
03882
03082
03273
03883
03462
03815
03884
03885
03782
03275
03886
03897
03084
03276
03298
03299
03465
03575
03589
03595
03887
03604
03608
03609
03278
03279
03280
03281
03282
03466
03467
03291
03890
03468
03284
03597
03469
03598
03287
03086
03470
03087
03289
03816
03894
03896
03785
05820
05440
05250
05030
05441
05031
05821
05641
05822
05839
05875
05823
05902
05101
05730
05201
05032
05732
05340
05033
05733
05301
05302
05303
05304
05034
05035
05734
05443
05036
05037
05401
05402
05403
05404
05405
05406
05407
05408
05647
05648
05444
05141
05901
05903
05735
05142
05445
05038
05143
05144
05737
05439
05446
05449
05824
05039
05825
05826
05827
05738
05739
05828
05829
05830
05251
05252
05649
05832
05640
05650
05833
05040
05076
05253
05341
05448
05836
05837
05740
05766
05651
05666
05041
05042
05838
05043
05742
05652
05653
05447
05450
05451
05452
05453
05454
05455
05731
05743
05045
05456
05744
05745
05457
05746
05904
05146
05458
05654
05747
05841
05842
05046
05905
05748
05843
05047
05048
05049
05459
05460
05461
05462
05655
05750
05845
05846
05463
05342
05343
05464
05465
05656
05466
05751
05148
05847
05848
05149
05906
05849
05850
05851
05050
05254
05255
05344
05658
05753
05757
05468
05469
05470
05471
05601
05602
05603
05604
05609
05620
05633
05660
05853
05657
05661
05758
05051
05345
05472
05855
05857
05257
05759
05840
05858
05473
05663
05664
05052
05474
05665
05053
05260
05150
05054
05859
05907
05055
05860
05760
05861
05761
05862
05151
05152
05762
05763
05667
05056
05058
05741
05764
05261
05765
05153
05346
05059
05060
05061
05062
05350
05352
05476
05477
05767
05669
05768
05701
05702
05478
05479
05481
05819
05863
05769
05154
05262
05065
05866
05482
05483
05485
05770
05670
05486
05155
05067
05068
05069
05070
05071
05156
05487
05772
05662
05672
05072
05488
05073
05074
05083
05075
05353
05359
05868
05874
05077
05489
05490
05491
05354
05079
05673
05773
05355
05674
05675
05671
05676
05677
05442
05492
05678
05774
05081
05867
05871
05872
05873
05356
05357
05494
05358
05084
05158
05159
05085
05161
05775
05776
05736
05777
05086
05360
05001
05009
05778
05361
05088
05679
05351
05362
05495
05363
05089
05680
05681
05091
05682
06231
06232
06401
06278
06001
06233
06330
06750
06403
06801
06751
06002
06404
06405
06601
06602
06604
06605
06606
06607
06608
06610
06611
06612
06614
06615
06650
06673
06699
06752
06010
06011
06016
06804
06234
06018
06331
06019
06020
06409
06332
06235
06408
06410
06411
06412
06413
06414
06415
06420
06021
06022
06237
06753
06754
06807
06238
06416
06810
06811
06812
06813
06814
06816
06817
06239
06820
06241
06417
06419
06418
06422
06023
06024
06242
06025
06026
06423
06424
06447
06027
06243
06333
06088
06028
06244
06029
06082
06083
06426
06245
06824
06825
06828
06031
06030
06032
06034
06334
06335
06338
06339
06755
06829
06336
06033
06756
06035
06838
06830
06831
06836
06246
06340
06349
06437
06438
06439
06247
06350
06101
06102
06103
06104
06105
06106
06107
06108
06109
06110
06111
06112
06114
06115
06117
06118
06119
06120
06123
06126
06127
06128
06129
06131
06132
06133
06134
06137
06138
06140
06141
06142
06143
06144
06145
06146
06147
06150
06151
06152
06153
06154
06155
06156
06160
06161
06167
06176
06180
06183
06199
06440
06248
06441
06442
06351
06037
06757
06039
06249
06759
06443
06040
06041
06042
06043
06045
06250
06444
06450
06451
06762
06455
06456
06457
06459
06460
06461
06467
06468
06353
06469
06354
06758
06763
06355
06388
06770
06050
06051
06052
06053
06840
06057
06501
06502
06503
06504
06505
06506
06507
06508
06509
06510
06511
06512
06513
06514
06515
06516
06517
06518
06519
06520
06521
06524
06525
06530
06531
06532
06533
06534
06535
06536
06537
06538
06540
06320
06776
06470
06482
06357
06058
06471
06059
06472
06254
06060
06255
06473
06359
06474
06256
06850
06851
06852
06853
06854
06855
06856
06857
06858
06859
06860
06360
06365
06370
06870
06371
06372
06475
06373
06477
06781
06061
06374
06062
06479
06063
06782
06258
06230
06259
06064
06480
06260
06375
06262
06875
06876
06877
06879
06878
06065
06091
06481
06067
06263
06783
06068
06264
06478
06483
06069
06484
06784
06070
06071
06072
06487
06488
06073
06489
06785
06376
06890
06265
06266
06074
06267
06075
06076
06077
06901
06902
06903
06904
06905
06906
06907
06910
06911
06912
06913
06914
06920
06921
06922
06925
06926
06927
06928
06377
06491
06378
06379
06251
06268
06269
06078
06080
06079
06380
06081
06786
06778
06787
06277
06084
06790
06791
06792
06382
06013
06085
06087
06066
06383
06384
06492
06493
06494
06495
06777
06793
06794
06701
06702
06703
06704
06705
06706
06708
06710
06712
06716
06720
06721
06722
06723
06724
06725
06726
06749
06385
06779
06795
06387
06089
06498
06796
06090
06880
06881
06883
06888
06889
06896
06092
06093
06279
06226
06897
06280
06006
06095
06096
06094
06098
06798
06281
06282
06389
01220
01256
01001
01002
01003
01004
01059
01330
01222
02702
01331
01368
02703
01005
01223
01007
01337
01008
01009
01010
01338
01339
01343
01346
02712
01225
01011
01012
01084
01013
01014
01020
01021
01022
01340
01341
01026
02713
01226
01227
01342
02715
02717
01027
01062
01028
01106
01116
01029
01344
02719
02720
02721
02722
02723
02724
02725
02726
01030
01031
01229
01032
01033
01034
01230
01301
01302
01035
01036
01037
01038
01088
01039
01235
01040
01041
01236
01050
01347
01224
01237
01238
01264
01053
01240
01242
01054
01056
02738
02739
01243
01244
01057
01351
01245
02714
02740
02741
02742
02743
02744
02745
02746
02747
02748
01247
01060
01061
01063
02760
02761
02762
02763
02764
01360
01066
02766
01068
01355
01364
01378
01253
01069
01366
01201
01202
01203
01070
02767
02768
02769
01254
02770
01350
01367
01071
01097
01255
02771
01257
01370
01072
01073
01074
01373
01252
01258
01259
01075
01260
01077
01101
01102
01103
01104
01105
01107
01108
01109
01111
01115
01118
01119
01128
01129
01138
01139
01144
01151
01152
01199
01262
01263
01375
02777
02718
02779
02780
02783
01079
01080
01349
01354
01376
01081
01082
01083
01092
01379
01380
01085
01086
02790
02791
01089
01090
01266
01093
01094
01095
01096
01267
01270
01098
06390
02801
02802
02804
02806
02807
02808
02809
02872
02812
02813
02836
02814
02815
02816
02817
02827
02818
02822
02823
02824
02825
02826
02828
02829
02830
02858
02831
02832
02833
02835
02837
02838
02839
02840
02841
02842
02852
02857
02859
02860
02861
02862
02863
02864
02865
02871
02901
02902
02903
02904
02905
02906
02907
02908
02909
02910
02911
02912
02917
02918
02920
02921
02940
02873
02874
02875
02876
02877
02878
02879
02880
02881
02882
02883
02885
02886
02887
02888
02889
02891
02892
02893
02894
02895
02896
02898
02919
02914
02915
02916
07820
07401
07620
07821
08801
08802
07822
07001
08803
07920
07939
07002
07921
07823
07621
07922
07924
07825
07003
07403
08804
07005
08805
07826
07827
07890
08807
08808
07926
07828
07405
07829
07004
07006
07007
07830
07008
07009
07927
07831
07928
07930
07010
07011
07012
07013
07014
07015
08809
07624
07832
07016
07626
08810
07833
07627
07834
07801
07802
07803
07806
07869
07628
08812
08816
07936
07017
07018
07019
07020
08817
08818
08820
08837
08899
07201
07202
07203
07204
07205
07206
07207
07208
07407
07630
07631
07632
07021
07410
07022
07023
07931
08821
07836
08822
07932
07024
07416
07417
08823
08825
07026
07027
07933
07934
07837
08826
07028
07418
07838
07839
07935
07601
07602
07603
07604
07605
07606
07607
07608
07699
07840
07419
08827
07640
07029
07420
07641
08828
07421
07842
08829
07422
08844
07642
07676
07030
07423
07843
07844
07845
08830
08831
07097
07302
07303
07304
07305
07306
07307
07308
07310
07311
07395
07399
07846
07031
07032
07099
08832
08824
07033
07847
07848
07034
07849
07850
07851
08833
07852
07938
07035
07036
07424
07643
08834
07039
07644
07853
07428
07940
07430
07495
08835
07040
08836
07945
08840
08846
07855
07432
08848
07041
07946
08850
08852
07042
07043
07044
07645
07045
07950
07960
07961
07962
07963
07046
07856
07970
08853
07857
07101
07102
07103
07104
07105
07106
07107
07108
07109
07110
07111
07112
07114
07175
07184
07188
07189
07191
07192
07193
07195
07198
07199
08901
08902
08903
08904
08905
08906
08933
08989
07435
07646
07974
07860
07976
07047
07647
07648
07436
07438
07439
08857
08858
07649
07050
07051
07052
07863
07650
07652
07653
07656
08859
07054
07055
07057
07501
07502
07503
07504
07505
07506
07507
07508
07509
07510
07511
07512
07513
07514
07522
07524
07533
07538
07543
07544
07977
07440
08861
08862
08863
08865
07058
08854
08855
08867
07059
07060
07061
07062
07063
07069
07978
07442
07444
07865
07064
07979
08868
07065
07066
07067
07446
08869
08870
07657
07660
07450
07451
07452
07456
07457
07661
07662
07663
07866
07068
07070
07071
07072
07073
07074
07075
07458
08871
08872
07870
07076
07094
07096
07077
07078
08873
08875
08890
08876
08879
08880
07079
07080
08882
07871
08884
07081
07874
08885
08886
07875
07980
07460
07876
07901
07902
07461
07877
07878
07666
07670
08887
07082
07879
07083
07086
07087
07088
07462
07880
07463
07881
07465
07882
07470
07474
07090
07091
07092
07480
07093
10035
10036
10037
10038
10039
10040
10041
10043
10044
10045
10055
10060
10065
10069
10075
10080
10081
10087
10090
10095
10101
10102
10103
10104
10105
10106
10107
10108
10109
10110
10111
10112
10113
10114
10115
10116
10117
10118
10119
10120
10121
10122
10123
10124
10125
10126
10128
10129
10130
10131
10132
10133
10138
10150
10151
10152
10153
10154
10155
10156
10157
10158
10159
10160
10161
10162
10163
10164
10165
10166
10167
10168
10169
10170
10171
10172
10173
10174
10175
10176
10177
10178
10179
10185
10199
10203
10211
10212
10213
10242
10249
10256
10257
10258
10259
10260
10261
10265
10268
10269
10270
10271
10272
10273
10274
10275
10276
10277
10278
10279
10280
10281
10282
10285
10286
10292
12404
12405
10501
12501
12502
12503
10502
10503
12406
10504
12407
10505
12506
12719
12508
10911
12409
10506
10507
10912
12720
12410
12510
10913
12721
10914
12411
12412
10509
10510
10511
10915
12722
12413
12470
12723
12724
10916
10512
12511
12414
10917
10514
12512
10918
12416
10919
12725
12513
12514
12515
12726
12727
10516
10920
12417
12516
12517
12518
12520
12418
12419
12420
12521
10517
10518
10519
10520
10521
12729
12421
10522
12522
12423
12732
12523
12427
12428
10523
12429
12733
12734
12524
12430
10921
10922
12431
12736
12525
10923
10524
12526
12432
12433
12527
12737
12738
10526
10924
12740
12434
10527
12435
10925
12436
12438
12741
10926
12742
10528
10530
10927
10532
12439
12440
12528
10928
12743
10930
12441
10931
12529
12530
12531
12533
12745
10932
12534
12537
12746
12442
12443
12747
12538
10533
10535
12748
12444
10933
10536
12749
12750
12446
12751
12401
12402
12540
12448
12752
12449
10537
12450
10538
12451
12452
12754
10540
12541
12758
12759
12760
10541
10542
12453
10543
12454
12455
12542
10545
12543
12544
10940
10941
12555
12545
12546
10546
12547
12548
10547
12762
10949
10950
10952
12549
12701
12777
10548
12763
10953
10549
12456
12457
10550
10551
10552
10553
10954
12458
12764
12765
12550
12551
12552
12553
10956
10958
12459
10959
12561
10801
10802
10803
10804
10805
12766
10560
10960
12422
12460
12767
12461
10962
10562
10963
12463
10964
12768
12563
12564
10965
10566
10567
12769
12565
12464
10968
12566
12465
10969
12567
12568
12569
10570
10970
12770
10573
12466
12771
12785
12601
12602
12603
12604
12570
10576
12468
12469
10577
10578
10579
12504
12507
12571
12572
12574
12471
12775
12575
12776
12472
12473
12474
12475
10580
12577
12578
12477
10583
12480
10587
12481
10588
10973
10974
12778
10589
12482
12779
10910
10975
10590
10976
12780
12483
10977
12580
12581
10979
12484
10980
12582
10901
10981
12781
12783
10982
12424
12485
10983
10591
10984
10985
12784
10594
12486
12583
10986
10987
12487
10988
12584
10595
10989
12585
10596
10597
12586
12588
12589
12590
10990
10992
12592
12489
12490
10993
12491
12492
10994
12493
10996
10997
12494
10998
12786
10601
10602
10603
10604
10605
10606
10607
10610
12787
12495
12496
12594
12788
12789
12498
12790
10701
10702
10703
10704
10705
10706
10707
10708
10709
10710
10598
12791
12792
11201
11202
11203
11204
11205
11206
11207
11208
11209
11210
11211
11212
11213
11214
11215
11216
11217
11218
11219
11220
11221
11222
11223
11224
11225
11226
11228
11229
11230
11231
11232
11233
11234
11235
11236
11237
11238
11239
11241
11242
11243
11245
11247
11249
11251
11252
11256
11096
11690
11691
11692
11693
11694
11695
11697
11001
11002
11003
11004
11005
11351
11352
11354
11355
11356
11357
11358
11359
11360
11361
11362
11363
11364
11365
11366
11367
11368
11369
11370
11371
11372
11373
11374
11375
11377
11378
11379
11380
11381
11385
11386
11390
11010
11020
11021
11022
11023
11024
11026
11027
11405
11411
11412
11413
11414
11415
11416
11417
11418
11419
11420
11421
11422
11423
11424
11425
11426
11427
11428
11429
11430
11431
11432
11433
11434
11435
11436
11439
11451
11499
11101
11102
11103
11104
11105
11106
11109
11120
11030
11040
11042
11050
11051
11052
11053
11054
11055
10301
10302
10303
10304
10305
10306
10307
10308
10309
10310
10311
10312
10313
10314
11507
11930
11701
11931
11509
11702
11703
11704
11707
11510
11705
11706
11709
11710
11713
11714
11715
11716
11717
11932
11718
11719
11933
11514
11516
11720
11934
11721
11722
11749
11760
11724
11725
11726
11727
11935
11729
11937
11730
11939
11554
11940
11731
11732
11941
11942
11518
11733
11735
11736
11737
11738
11520
11530
11531
11535
11599
11542
11545
11547
11739
11740
11944
11548
11946
11549
11550
11551
11557
11801
11802
11803
11804
11815
11819
11854
11741
00501
00544
11742
11743
11746
11747
11775
11558
11751
11752
11947
11753
11853
11754
11755
11948
11559
11756
11757
11560
11561
11563
11565
11949
11758
11762
11950
11951
11952
11763
11566
11953
11764
11765
11501
11954
11955
11766
11767
11956
11768
11769
11770
11957
11771
11772
11958
11569
11776
11777
11959
11960
11961
11901
11570
11571
11572
11778
11779
11575
11576
11577
11962
11963
11780
11782
11579
11783
11784
11964
11965
11967
11786
11787
11788
11789
11968
11969
11970
11971
11972
11790
11794
11773
11791
11553
11555
11556
11973
11580
11581
11582
11792
11975
11793
11976
11568
11590
11977
11978
11552
11795
11796
11596
11797
11598
11798
11980
13605
13606
12808
13730
12201
12202
12203
12204
12205
12206
12207
12208
12209
12210
12211
12212
12214
12220
12222
12223
12224
12225
12226
12227
12228
12229
12230
12231
12232
12233
12234
12235
12236
12237
12238
12239
12240
12241
12242
12243
12244
12245
12246
12247
12248
12249
12250
12252
12255
12256
12257
12260
12261
12288
12007
13301
13607
12009
13302
12910
12010
13731
13740
13608
13671
13732
13020
12809
12015
12810
13021
13022
13024
13026
12912
12017
13303
12018
13733
12811
13027
12020
13304
13734
13840
13305
13611
13736
12022
12023
13028
13737
13901
13902
13903
13904
13905
13612
13738
12913
13739
13308
13401
12812
12814
12914
13309
13310
12024
12915
12815
13613
13029
13030
13313
13614
12025
13314
13418
13615
12916
12917
13315
13342
13415
12019
12027
12918
13616
12816
13316
13031
12029
13317
13032
13743
13617
13618
12031
12032
13619
13631
13318
13744
12033
13620
13033
13034
13035
12035
13036
13319
12919
12036
13621
12920
12037
13622
12921
13745
13746
12040
13320
13450
12817
12922
13623
13037
12923
13040
13321
12041
13039
13041
13624
13322
12819
13042
12820
12065
12042
13323
13043
12043
12045
12046
12047
13324
13747
13625
12050
12821
13748
12926
13325
13044
13326
13626
13627
13749
12822
13045
12823
12051
12192
12927
13327
12052
12928
12929
13750
13751
13328
13628
13630
12053
13752
13753
12054
13051
13632
13633
13754
13052
13634
13657
12824
12930
13329
13755
13053
12056
13054
13331
12028
12057
12058
12176
13332
12059
13756
12060
12061
13757
12062
12063
13057
12064
13334
13335
13635
13060
12932
12933
12934
12935
13636
13760
13761
13762
13763
13061
12066
12936
13062
13637
13063
13064
13065
13066
13638
12067
13639
13640
13692
13641
13774
13337
12068
13338
12827
12937
12828
12069
12070
13339
13340
13775
13846
13341
13068
13069
12071
12016
12072
12939
12073
12074
12831
13071
13072
12075
13776
12076
13777
13312
13343
13345
12077
12801
12803
12804
12078
13642
12082
12832
13643
13778
12833
12083
12834
13073
12084
12085
13780
12835
12086
12836
13645
13782
13346
13646
12837
13783
12087
13647
13074
13786
13787
13826
13648
12838
13348
13076
13649
13650
13651
13350
13652
13654
13352
13788
13353
13655
13354
13077
12089
12090
12092
13355
12839
12841
13357
12842
13360
13078
12941
12093
12843
13790
12094
12095
13080
13361
12844
12942
12943
12911
12924
12944
13794
12106
13081
13082
13795
12107
13362
13083
13656
13084
12945
12845
12846
12946
12108
12110
12128
13796
13363
13364
12950
13658
13797
13365
13087
13088
13089
13090
13092
12847
13659
13367
13093
12952
12955
13368
13758
13801
13101
13102
13402
13465
13660
13802
12115
13103
12953
12995
13104
13661
13803
13108
13403
13110
13404
13111
12116
13804
13662
12117
12118
12120
12121
13112
13806
13113
13114
12122
12848
12849
12850
13406
13807
12851
13115
12956
12998
13116
13407
12957
13117
12958
12959
13118
12960
12961
13808
12962
13664
13408
13809
13810
13409
12123
13665
13120
13410
13811
12124
13411
12852
12879
13413
13121
12125
13416
12964
13666
13122
13417
13812
12965
13813
12130
13667
12966
13123
12131
12132
12853
12854
12133
12855
12949
12967
13814
13124
12856
12134
13815
13668
13669
12136
13420
13472
12857
13421
13820
13424
13425
13426
13126
13825
13827
12969
13830
13428
13107
13131
13672
12137
12970
13132
12972
13134
12138
13673
13135
12973
13674
12139
13136
13137
12901
12903
13832
12140
13431
13138
13139
13140
13833
12859
12974
12975
13834
13433
13676
13699
12860
13141
13435
13142
12861
13677
12141
12976
13436
12143
12977
13678
13143
13437
12978
13679
13438
12144
13680
12147
12148
13333
13439
13784
13835
13144
12149
13681
12862
12863
13682
13440
13441
13442
13449
13683
12150
12151
12979
13684
12864
13685
13452
12980
12865
13454
12153
13145
13455
12981
12983
12866
13456
13146
12154
12008
12301
12302
12303
12304
12305
12306
12307
12308
12309
12325
12345
12155
12156
12157
12870
12985
13457
12871
13147
12158
13148
12872
13459
13460
13461
12873
13838
13839
12874
13152
13119
13153
12159
12160
13841
13464
12161
13154
13687
13842
13843
13155
13844
12164
12165
12166
13468
12167
13670
13690
12168
12169
13156
12170
13469
12878
12172
13470
12173
12174
12175
13157
13201
13202
13203
13204
13205
13206
13207
13208
13209
13210
13211
13212
13214
13215
13217
13218
13219
13220
13221
13224
13225
13235
13244
13250
13251
13252
13261
13290
13471
13675
13691
13693
12858
12883
13845
12177
13847
12180
12181
12182
12183
13056
13158
13159
13848
12986
13473
13849
13160
12987
13501
13502
13503
13504
13505
13599
12184
12185
13475
12989
13476
13477
13478
13162
13850
13851
12884
12186
13694
13856
13163
13695
13164
12187
12885
13479
12188
13165
13601
13602
13603
13480
12189
13166
12190
13859
13482
12992
13483
13860
13484
13485
12055
12193
13486
13488
12194
12195
13489
13167
13490
13861
12993
12196
13696
13491
12886
12887
13492
13862
13863
13493
12996
13864
12997
13865
13697
13494
12197
12198
13495
19701
19930
19931
19933
19934
19936
19703
19938
19939
19706
19940
19901
19902
19903
19904
19905
19906
19941
19943
19945
19946
19947
19950
19951
19952
19953
19707
19954
19955
19708
19956
19958
19960
19961
19962
19709
19963
19966
19968
19710
19969
19702
19711
19712
19713
19714
19715
19716
19717
19718
19725
19726
19720
19721
19967
19970
19730
19731
19971
19732
19733
19973
19944
19975
19977
19734
19979
19735
19801
19802
19803
19804
19805
19806
19807
19808
19809
19810
19850
19880
19884
19885
19886
19890
19891
19892
19893
19894
19895
19896
19897
19898
19899
19980
19736
19964
08201
08205
07710
07711
08501
08720
08001
07712
08004
08401
08402
08403
08404
08405
08406
07716
08202
07717
08005
08006
08007
08721
08008
08722
07718
08502
07715
07719
08009
08010
08011
08012
08504
08505
07720
08723
08724
08014
08302
08730
08203
08015
08310
08016
08101
08102
08103
08104
08105
08106
08107
08108
08109
08110
08204
08210
08212
08018
08311
08019
08002
08003
08034
08020
08510
08526
08312
08021
07721
08213
07722
08022
08511
08512
08514
08515
07723
08023
08313
08314
08214
08315
08316
08317
07724
07799
08215
08318
08217
07726
08319
08025
08320
07727
08518
08731
08321
08322
07728
08026
08027
08028
08029
08030
08218
08219
08323
08032
08033
08035
08036
08037
08038
08039
07730
08324
07732
08520
07733
08525
07731
08732
08527
08041
08042
07734
07735
08528
08043
08733
08759
08701
08530
08326
08734
08735
08045
08220
08327
07737
07738
08221
07739
07740
08048
08049
08328
08050
08736
08738
08051
08052
07746
08053
08223
07747
08329
08330
08055
08056
07748
08332
08340
08341
08342
07750
08343
08057
07751
08059
08060
08054
08061
08062
08063
07752
07753
07754
08533
08344
08224
08064
08345
08346
08347
08739
08225
07755
08226
08740
07756
07757
08230
08231
08065
08066
08067
08068
08534
08069
08070
08535
08741
08071
08536
08232
08234
08742
08240
08348
07758
08349
08241
08540
08541
08542
08543
08544
08550
08072
08073
07701
07702
07703
07704
07709
08350
08074
08551
08242
08075
08076
08077
08553
08554
08555
08556
08352
07760
08078
08079
08750
08243
08751
08752
08557
08080
08353
08081
08558
08083
08244
08245
08031
08099
08246
07762
08559
08247
08084
08248
08085
07763
08086
08560
08753
08754
08755
08756
08757
08601
08602
08603
08604
08605
08606
08607
08608
08609
08610
08611
08618
08619
08620
08625
08628
08629
08638
08640
08641
08645
08646
08647
08648
08650
08666
08690
08691
08695
08250
08087
08251
08088
08360
08361
08362
08758
08089
08090
08091
08092
07764
08093
08252
07765
08260
08094
08046
08561
08095
08270
08096
08097
08098
08562
14410
14801
14001
14411
14479
14004
14005
14802
14803
14706
14707
14708
14804
14805
14413
14806
14709
14006
14008
14009
14807
14710
14010
14808
14011
14037
14809
14414
14012
14013
14020
14021
14810
14812
14711
14415
14813
14712
14416
14814
14714
14024
14715
14025
14026
14815
14027
14816
14420
14716
14817
14201
14202
14203
14204
14205
14206
14207
14208
14209
14210
14211
14212
14213
14214
14215
14216
14217
14218
14219
14220
14221
14222
14223
14224
14225
14226
14227
14228
14231
14233
14240
14241
14260
14261
14263
14264
14265
14267
14269
14270
14272
14273
14276
14280
14818
14422
14423
14819
14820
14821
14424
14425
14822
14717
14823
14718
14427
14719
14824
14720
14029
14721
14030
14722
14825
14723
14428
14031
14032
14429
14430
14432
14433
14724
14826
14033
14034
14035
14435
14726
14751
14827
14036
14830
14831
14038
14727
14039
14836
14437
14040
14041
14042
14043
14047
14728
14756
14441
14837
14048
14166
14051
14052
14054
14055
14729
14056
14730
14445
14449
14057
14058
14731
14732
14059
14901
14902
14903
14904
14905
14925
14838
14450
14733
14452
14060
14061
14735
14736
14453
14062
14737
14063
14065
14133
14738
14739
14066
14067
14454
14456
14740
14068
14069
14461
14070
14072
14741
14742
14839
14462
14545
14463
14075
14464
14840
14841
14466
14467
14468
14842
14743
14443
14469
14080
14470
14471
14472
14843
14845
14744
14745
14846
14847
14475
14081
14850
14851
14852
14853
14882
14854
14701
14702
14855
14082
14083
14856
14476
14747
14477
14418
14478
14748
14857
14085
14480
14750
14086
14091
14481
14482
14092
14144
14752
14485
14753
14858
14754
14755
14487
14558
14488
14094
14095
14859
14860
14861
14098
14489
14502
14101
14504
14102
14505
14757
14863
14103
14506
14105
14507
14864
14107
14865
14508
14510
14511
14512
14513
14028
14108
14867
14301
14302
14303
14304
14305
14109
14758
14110
14514
14111
14112
14515
14113
14516
14120
14517
14125
14518
14869
14126
14760
14519
14520
14127
14766
14521
14870
14522
14767
14486
14525
14526
14527
14529
14530
14129
14532
14533
14130
14871
14872
14534
14536
14537
14769
14770
14873
14874
14538
14772
14131
14876
14539
14877
14774
14775
14602
14603
14604
14605
14606
14607
14608
14609
14610
14611
14612
14613
14614
14615
14616
14617
14618
14619
14620
14621
14622
14623
14624
14625
14626
14627
14638
14639
14642
14643
14644
14646
14647
14649
14650
14651
14652
14653
14692
14694
14878
14541
14542
14543
14777
14544
14778
14779
14132
14134
14879
14880
14546
14547
14135
14781
14548
14136
14549
14550
14782
14881
14551
14555
14556
14557
14138
14139
14883
14559
14140
14141
14560
14143
14561
14783
14784
14785
14145
14884
14150
14151
14885
14886
14887
14563
14889
14167
14168
14564
14169
14568
14569
14571
14891
14892
14572
14893
14580
14894
14895
14585
14786
14170
14787
14586
14788
14171
14897
14588
14589
14172
14590
14898
14591
14592
14173
14174
16820
15610
15520
15611
16110
15411
16210
16401
16475
15310
16611
15001
15412
15413
15101
16821
16601
16602
16603
15521
15710
15612
15003
15311
15711
15613
15712
15615
15920
15616
15617
16613
16629
16111
15004
16720
15312
15618
15005
15006
15007
15714
15760
15313
16402
15009
15921
15010
16616
15522
16822
16864
16823
15012
16617
15922
15821
15314
15530
16112
15102
16211
16825
15715
15716
15717
15750
16826
16619
16827
15315
15923
15531
15546
15619
16016
16017
16018
16020
15532
15014
15104
15620
16701
15015
15316
15533
15017
15415
16620
16621
16685
15823
15824
15825
15828
15416
15417
16022
15720
15018
15534
15019
15020
15021
16001
16002
16003
15827
16023
16212
15924
15419
16213
16024
15621
16622
16403
15317
15339
15420
16311
15320
15106
15722
15925
16623
15321
16404
16432
15926
16828
15421
15723
15622
16312
15022
15721
15724
15422
16624
15024
16025
15025
16829
16313
15623
16214
16113
15725
16114
15322
16625
16670
16682
15323
16830
15535
15026
16372
15727
15728
15761
15423
16627
16832
16314
15324
16405
15927
15729
15424
15485
16316
16406
15425
16027
15027
16217
16317
15731
15108
16407
15829
15028
16218
15624
16410
15732
15739
15030
16630
16699
16724
16220
15325
15536
15031
16221
16631
15032
16833
16725
16726
15831
15427
16115
15625
15928
15428
16222
16633
15733
15626
15429
16727
15627
15430
15327
15929
16223
15734
15628
15033
15034
16834
15832
15801
16634
16729
15431
16635
15432
15930
15110
16636
16028
16029
16637
15035
15433
15112
16730
16411
15629
16030
15931
16412
16444
16116
15330
15434
15736
16731
16413
15037
15331
16117
15737
15038
15934
15738
16373
15834
16321
16322
16120
16501
16502
16503
16504
16505
16506
16507
16508
16509
16510
16511
16512
16514
16515
16522
16530
16531
16534
16538
16541
16544
16546
16550
16553
16563
16565
16033
15537
15631
15632
15435
15436
15538
16224
16415
16639
15840
15437
16121
15438
16034
15332
16225
15539
16835
16640
16123
15633
15841
16226
16228
16035
15540
16036
16323
15333
16124
15042
16229
16836
16850
15541
15549
16326
16641
15334
16416
15542
15336
15043
15440
15044
16732
15741
16417
16644
15045
15742
15116
15046
16838
16420
15634
15544
15337
15047
15338
15601
15605
15606
16125
15442
16127
16327
16130
15744
15635
16421
16422
16037
15636
16038
16131
15049
16646
16675
16840
16230
16733
15745
16039
15637
16647
15443
15340
15444
16040
15746
16132
15341
16648
15935
15953
15747
15713
15748
15120
15050
15936
16650
15445
15638
15342
16651
16698
16841
15639
16652
16654
15640
16843
15641
16328
15545
15564
16655
15126
15701
15705
15446
15051
15052
15127
16329
16656
15642
15447
16133
15448
16734
16638
16657
16134
15644
15344
15547
15937
15053
15845
15901
15902
15904
15905
15906
15907
15909
15915
15945
15646
16844
16728
16735
16041
16845
16871
15449
16374
15752
15846
16201
16232
15847
16136
16331
16847
15450
15753
16423
15451
16848
16375
15054
16849
15647
15650
15655
15055
15454
15656
16233
15056
15455
16851
15456
16738
15129
15658
15938
16234
16424
15940
15660
15661
16659
15754
16235
16257
16333
15848
15866
15662
16045
15458
16660
15057
16236
15756
16426
15131
15132
15133
15134
15135
15136
16645
16661
15663
16852
15757
15664
15550
15665
16238
16334
15345
16239
15759
15551
15459
16046
16066
15460
16662
15410
15461
15346
16240
15347
16335
16388
15462
16137
15463
15552
15059
15060
16853
16854
15464
15348
16427
15942
16855
16856
15061
15062
15063
16663
15064
16839
16858
16859
15465
16740
15349
15666
15668
15350
15943
15065
15351
15670
15553
16140
16242
16253
15066
16101
16102
16103
16105
16107
16108
15671
15067
15466
16664
15944
15352
16141
15467
15068
15069
16861
15554
16665
15468
15672
16142
16172
15762
15353
15469
15673
16428
16430
15137
16048
15674
16244
15071
15139
16245
15470
16301
16837
16863
15764
15472
16666
16677
16667
16049
16668
15849
15675
15765
16865
15473
16669
16050
16860
16866
16868
15122
15123
15140
15146
15201
15202
15203
15204
15205
15206
15207
15208
15209
15210
15211
15212
15213
15214
15215
15216
15217
15218
15219
15220
15221
15222
15223
15224
15225
15226
15227
15228
15229
15230
15231
15232
15233
15234
15235
15236
15237
15238
15239
15240
15241
15242
15243
15244
15250
15251
15252
15253
15254
15255
15257
15258
15259
15260
15261
15262
15264
15265
15267
15268
15270
15272
15274
15275
15276
15277
15278
15279
15281
15282
15283
15286
15289
15290
15295
16340
15676
16341
16246
15439
15474
16342
15946
16743
16051
16870
15142
15072
16052
15329
16143
15730
15763
15767
15770
15776
15784
16671
16872
15677
16053
16343
15475
15948
16744
15851
15357
15358
16672
15822
15853
15678
16248
16745
16673
16674
15949
15074
15758
15771
15856
15557
15359
15476
15477
15772
16746
16344
15679
15075
16249
16345
15076
16433
16250
15773
15857
15951
16054
15680
15558
15565
15952
15681
16145
16055
16056
16678
15360
15559
15682
15683
16319
16346
15954
15143
15560
16146
16148
16150
16873
16151
16347
15774
16748
16254
15077
15955
15860
15861
15561
16679
15684
16255
16021
16057
15078
16749
16256
15478
16680
15479
15480
16681
16874
15501
15502
15510
15555
15956
15081
15361
15685
15775
16434
15362
16435
15686
16436
15144
16875
15562
16683
15687
15777
15482
16801
16802
16803
16804
16805
15483
16153
15548
15563
15363
16258
15863
15082
16350
15958
15864
15083
15364
15865
15084
15688
15365
16259
16261
16351
15778
16352
16332
16353
16684
15959
16354
15779
16360
15085
16154
16058
15145
16750
15957
15960
16361
16686
15484
16438
15401
15689
16362
16059
15780
15486
15690
15366
16440
15367
16364
15147
15368
16155
15961
16156
16260
16876
15781
15488
16157
16365
16366
16367
16368
16369
16877
15301
16689
16441
16442
15370
15087
15868
16691
15691
15376
16878
15088
15377
16370
15378
15783
15489
16159
15379
15692
15089
16692
16160
16443
16061
15086
15090
15095
15096
16161
15490
15693
15492
15870
15091
16693
15148
15962
16879
15963
15380
16694
16695
16881
16882
16262
15695
16263
15696
16371
15697
15698
16063
26030
26031
26032
26033
26034
26035
26036
26037
26038
26039
26040
26041
26047
26050
26056
26055
26058
26059
26060
26062
26070
26074
26003
26075
17301
19501
17302
17501
18210
18011
17002
18101
18102
18103
18104
18105
18106
18109
18195
17810
17210
18320
18211
17003
17720
18012
18403
17303
17920
16911
17211
18212
17921
17304
18810
17922
17721
17502
19503
18010
18013
18050
18214
17503
19504
18321
18014
17504
18601
18405
18216
17812
17843
17813
19505
17004
17306
17375
17814
17878
19506
17005
18603
19507
18015
18016
18017
18018
18020
18025
17307
17505
19508
17006
17213
18610
19510
17815
17839
16912
17506
17214
17007
19511
18030
17507
19512
18812
17923
18031
17925
18322
17309
18813
17508
18323
18814
17009
17215
18324
18371
18373
18611
17010
17001
17011
17012
17089
18815
18325
17724
18407
17013
17015
17310
17726
18032
17820
19516
18034
17201
17202
18035
18410
17509
18411
18413
18218
17014
17311
17728
17512
16914
17217
17516
18219
18036
18037
17016
17083
16915
16917
17312
18326
17929
17729
17930
18612
18690
17313
17017
18414
18415
18038
17821
17822
17018
18220
18327
17314
17517
17730
17019
18816
18328
17823
17836
19518
18221
17518
18222
17219
17220
17020
18039
18614
17731
19519
17316
17519
18041
18040
18042
18043
18044
18045
17520
17317
18817
18301
18302
18046
17021
18223
18330
17022
17023
16920
17024
17521
18416
19520
17824
17318
18049
18098
18099
17025
17522
17549
18417
17319
18419
17320
18615
17221
17321
17222
17322
18420
19522
18051
18421
18430
18453
18616
17224
17931
17932
17934
17323
17026
17827
18224
17933
18818
16921
16922
17527
17324
19523
16923
16941
18053
17325
18820
18331
19525
16925
17935
18617
17327
17329
17528
17936
17529
18424
17027
17028
17029
16926
17030
18821
18425
17225
18054
18426
17735
17032
18822
19526
18427
17331
17332
17333
17334
17335
18823
18225
17101
17102
17103
17104
17105
17106
17107
17108
17109
17110
17111
17112
17113
17120
17121
17122
17123
17124
17125
17126
17127
17128
17129
17130
17140
17177
17829
18618
18428
18438
18201
18202
17938
18055
18332
18056
17830
17033
17034
18619
17532
18431
17035
18824
17533
17737
17036
17831
18621
18622
17228
17229
17037
17337
17534
18825
18433
17739
17723
17727
17740
18434
18229
17038
18230
18231
19529
18826
17535
17536
17039
17941
16928
17833
18333
17834
18058
19530
18623
18435
17742
18436
18437
18624
18625
18439
17537
17573
17601
17602
17603
17604
17605
17606
17607
17608
17611
17622
17699
17942
17040
17538
18827
18232
18440
18626
18234
17835
18059
17943
17041
16929
18828
17042
17046
19533
18235
18001
18002
18003
18627
17231
17043
19534
17540
18829
17339
17837
17044
16930
19535
18060
17744
17543
18830
17340
17045
17944
17745
17945
17840
17747
17342
18334
18628
17946
17047
17232
17048
19536
18237
17049
17841
17223
17233
17748
17749
17343
17344
17051
17750
18062
17948
17949
16932
17345
17545
16933
17052
17547
17235
17832
17951
18335
18063
17952
17053
18336
17054
19538
17550
17050
17055
18629
17236
19539
18630
17056
17842
16935
17953
17057
17058
17844
17883
17059
18631
18831
18443
18632
18337
17060
17061
17062
17551
16936
17751
17767
17845
18340
16937
17846
18239
17063
17847
17954
18341
19540
19541
19542
18832
17237
17850
17752
17754
18801
19543
16938
16939
18444
19544
18342
18343
17851
17064
17065
17552
17853
18344
17066
17554
17347
17957
17756
17758
17067
18634
17555
18064
17212
17238
17239
18065
16940
18635
18240
18833
17855
19545
17068
17069
17240
17070
18445
17349
17071
17557
17072
17073
18834
17350
17352
17959
17074
17560
17960
17075
18066
17241
18441
18446
18067
17760
17857
18636
17858
18241
17076
18068
19547
18447
18448
18242
17077
17859
17243
18069
17244
17353
18449
17961
16942
18070
18071
17078
17562
18244
18451
17860
17861
17563
18452
18072
17862
17564
17565
18074
17762
17080
19548
17963
17964
18640
18641
18642
18643
18644
17081
17246
18651
18347
18348
18349
18350
18346
17965
19549
18351
17082
17864
17865
17901
17974
18454
18455
18456
18245
17566
17247
17355
17763
18653
17966
19601
19602
19603
19604
19605
19606
19607
19608
19609
19610
19611
19612
17567
17867
18073
18076
17356
18352
17084
17568
19550
17569
17764
17085
17570
17086
17087
18077
17967
17868
17765
19551
18246
17249
18837
17572
17358
17250
18457
17251
16943
17968
17970
18247
17252
17253
18353
18840
17088
18078
17972
18354
17254
18355
18501
18502
18503
18504
18505
18507
18508
18509
18510
18512
18515
18517
18518
18519
18540
18577
17870
17360
17255
17256
17866
17872
17876
19554
18654
18356
17976
18248
17090
18655
17257
17260
19555
18458
17361
17768
17575
18357
18079
17769
18080
17576
18459
18842
18843
17261
18460
17978
17354
17362
17262
18081
18844
18461
18462
17263
18463
17578
18845
17363
18083
17579
19559
18360
18249
18846
17093
18250
17979
18084
17801
17877
18847
18656
17880
18370
18251
16945
18464
17580
18252
18372
18085
19560
17581
17364
18465
17094
17264
16946
18466
19562
18848
17980
18086
17981
18254
17881
18087
17771
17882
16910
16947
18657
17772
17982
18469
18850
16948
18470
17774
17265
17983
19564
17266
18088
18660
17267
18851
17582
17884
17776
17777
18471
18472
17268
18255
17885
16901
17365
19565
16927
16950
17856
17886
18256
17778
17887
18052
18661
18473
17097
17888
18602
18701
18702
18703
18704
18705
18706
18707
18708
18709
18710
18711
18762
18764
18765
18766
18767
18769
18773
17701
17702
17703
17705
17098
17271
17583
17584
18091
17366
17889
17585
19567
17779
17368
18853
18854
17099
17315
17401
17402
17403
17404
17405
17406
17407
17408
17415
17370
17371
17372
17985
18092
17272
19001
19002
19420
19003
19310
19311
19004
18910
19020
19021
19312
19421
18911
19422
19424
19316
19007
19008
19009
19010
18912
18913
19423
19317
18914
19012
19013
19014
19015
19016
19022
19017
19425
19319
19018
19320
19330
19426
19473
18915
19331
19339
19340
19428
19429
19397
19398
19399
19430
18916
19023
19432
19333
19335
19372
18901
18902
18933
19026
18917
18918
19028
19027
18920
19029
19341
19353
19030
18921
19031
19032
19033
18922
19025
19034
19048
19049
18923
19435
18925
18926
19035
19342
19343
19036
19038
19039
19437
19438
19441
19040
19440
19041
18927
18928
19043
19098
19344
19044
19006
19345
18929
19046
19346
19347
19348
19442
18930
19443
19444
18931
19350
19047
19053
19446
19050
19450
19052
19054
19055
19056
19057
19058
19351
19352
18932
19354
19451
19355
19060
19061
18934
19037
19063
19064
19065
19086
19091
19357
19066
18935
19358
18936
19067
19070
19072
18938
19360
18940
19073
19401
19403
19404
19405
19406
19407
19408
19409
19415
19436
19454
19455
19477
19074
19362
19456
19075
18942
19363
19301
19457
19365
18943
18944
19019
19092
19093
19099
19101
19102
19103
19104
19105
19106
19107
19108
19109
19110
19111
19112
19113
19114
19115
19116
19118
19119
19120
19121
19122
19123
19124
19125
19126
19127
19128
19129
19130
19131
19132
19133
19134
19135
19136
19137
19138
19139
19140
19141
19142
19143
19144
19145
19146
19147
19148
19149
19150
19151
19152
19153
19154
19155
19160
19161
19162
19170
19171
19172
19173
19175
19176
19177
19178
19179
19181
19182
19183
19184
19185
19187
19188
19190
19191
19192
19193
19194
19195
19196
19197
19244
19255
19453
19460
18946
18947
18949
19462
19366
18950
19367
19464
19465
19076
18951
18953
18955
19078
19468
18956
19369
19470
18957
18958
19472
18960
19079
18962
19474
18963
18924
18964
18954
18966
18968
19475
19478
19371
19081
18969
19373
19374
18970
18971
19375
18972
19082
19083
19480
19481
19482
19484
19485
19493
19494
19495
19496
19085
19376
18974
18991
18976
18977
19080
19087
19088
19089
19380
19381
19382
19383
19388
19318
19390
19486
19395
19090
19094
19490
18979
18980
19095
19096
19492
18981
41503
37620
37621
37625
24210
24211
24212
24517
24520
24521
24595
24601
24215
24216
24522
24053
24311
24312
24054
24602
24313
24055
24314
24523
24058
24218
24059
24526
24603
24219
24220
24604
24060
24061
24062
24063
24221
24527
24315
24605
24064
24178
24606
24065
24607
24201
24202
24203
24205
24209
24316
24528
24066
24529
24530
24067
24317
24069
24224
24070
24609
24318
24531
24072
24319
24068
24073
24076
24225
24533
24226
24269
24228
24534
24077
24535
24230
24536
24078
24538
24079
24322
24082
24323
24539
24083
24236
24237
24540
24541
24543
24217
24239
24612
24324
24243
24549
24084
24244
24325
24245
24085
24246
24086
24326
24087
24327
24550
24248
24613
24328
24088
24089
24090
24091
24551
24250
24330
24333
24251
24290
24092
24340
24553
24554
24555
24093
24556
24095
24557
24614
24558
24101
24256
24102
24343
24258
24347
24260
24619
24104
24620
24563
24348
24105
24350
24565
24622
24263
24566
24624
24265
24351
24352
24266
24569
24570
24501
24502
24503
24504
24505
24506
24513
24514
24515
24571
24111
24572
24354
24112
24113
24114
24115
24627
24628
24360
24120
24361
24270
24121
24574
24122
24363
24124
24576
24577
24578
24579
24580
24126
24127
24128
24129
24271
24272
24630
24273
24581
24631
24130
24131
24132
24133
24134
24136
24137
24277
24634
24138
24139
24161
24635
24279
24637
24301
24141
24142
24143
24639
24640
24647
24146
24147
24641
24148
24149
24586
24150
24001
24002
24003
24004
24005
24006
24007
24008
24009
24010
24011
24012
24013
24014
24015
24016
24017
24018
24019
24020
24022
24023
24024
24025
24026
24027
24028
24029
24030
24031
24032
24033
24034
24035
24036
24037
24038
24040
24042
24043
24050
24155
24157
24366
24151
24280
24281
24646
24368
24588
24282
24283
24153
24370
24589
24562
24590
24162
24592
24374
24165
24593
24167
24168
24171
24375
24594
24649
24377
24608
24651
24174
24378
24175
24176
24656
24597
24177
24179
24598
24292
24657
24380
24599
24184
24293
24658
24381
24185
24382
25606
26210
24910
24943
25501
25572
25810
25002
26320
26321
25003
25607
25811
25005
24808
26323
25812
25502
25007
25180
25234
26520
24916
25503
24712
26325
26704
26705
24811
25608
26801
24918
25011
25504
26559
24813
24920
26707
25813
25801
25802
26250
25015
26133
26134
26656
26298
25411
24815
26253
25019
26136
26141
25505
24816
26137
25021
26610
26521
25022
26817
25024
25026
24701
25028
25817
25030
25031
26254
26268
25818
24817
24715
24724
25506
25544
26802
25666
24818
24834
26524
26330
26525
25611
24924
26201
26267
24716
24726
25033
25413
25440
26710
26335
26615
26561
26562
25035
26855
26161
26337
24925
26660
26338
26208
25820
25036
26662
26711
26823
26563
24927
26527
25039
26611
25507
25508
25301
25302
25303
25304
25305
25306
25309
25311
25312
25313
25314
25315
25317
25320
25321
25322
25323
25324
25325
25326
25327
25328
25329
25330
25331
25332
25333
25334
25335
25336
25337
25338
25339
25350
25356
25357
25358
25360
25361
25362
25364
25365
25375
25387
25389
25392
25396
25414
25040
25958
25665
25667
25235
26804
26301
26302
26306
25043
25044
24822
25045
25047
25823
24823
26257
26566
25049
25825
25614
25826
25051
25239
25264
24719
26206
26342
25827
26205
24931
25669
24826
25510
24827
26259
25831
25832
25053
25617
26260
26142
24828
25054
25057
25670
26531
26714
26217
26617
25671
25059
25048
25060
26667
25061
25062
26263
25063
25064
25511
24934
26264
25067
25512
25836
24829
25672
25837
26716
24830
25070
26143
26717
24831
26241
25071
26346
26568
26203
25075
25076
25241
25839
26554
26555
26570
25079
25419
26571
25840
26202
26818
25841
26621
26347
26348
24935
26719
25514
25081
26572
26623
24938
26807
25082
26218
26219
26146
25083
25515
26349
25243
24941
24984
24836
26624
25085
25115
25244
25517
25420
25843
25621
26671
25245
25086
25088
25844
25090
25845
25421
25846
25936
25848
26351
25849
25520
25093
26720
26354
26147
26574
26534
25422
24915
24944
26722
24945
25521
26361
26222
25423
26269
25523
25102
24839
24869
25103
26270
26296
25851
25410
25425
26362
25247
25524
26366
26627
25427
25853
26224
25106
26271
25624
24843
26369
25107
25108
24729
25854
26808
24946
25855
25951
25625
25109
26372
25110
26575
25701
25702
25703
25704
25705
25706
25707
25708
25709
25710
25711
25712
25713
25714
25715
25716
25717
25718
25719
25720
25721
25722
25723
25724
25725
25726
25727
25728
25729
25755
25770
25771
25772
25773
25774
25775
25776
25777
25778
25779
25526
26273
24844
26576
24845
25111
25112
25428
26376
24847
25113
26377
26378
25114
24848
24849
24850
25857
25529
25969
26275
24851
26228
25430
24731
24732
25231
25248
25530
26276
25674
26675
26726
25534
24853
25118
25119
25152
26578
26519
26537
25628
24855
26731
25121
25860
25862
24714
24733
25535
25864
25251
26676
25676
25123
25971
25252
25537
25972
25865
25253
24901
24902
25124
24951
26384
26629
26581
25125
25866
25601
25612
25654
25126
25868
25259
25630
26229
26810
26385
26386
25632
24857
25875
25876
26278
25871
25873
26138
26148
26152
25130
26541
25634
25132
25635
26582
24954
25401
25402
25403
25404
25405
25260
26542
25678
24860
26812
24736
24957
24861
25133
26833
25966
25976
26404
25977
26585
25134
26149
25540
25878
26280
25261
25432
25262
25541
25879
26120
26121
26150
26405
26586
24737
25136
26283
26836
26838
26501
26502
26504
26505
26506
26507
26508
25139
26408
25637
25880
26678
26679
26684
26739
26151
25870
25882
26680
25140
26631
25685
25141
25009
25142
24738
24751
26681
26374
26410
26743
24866
25265
26155
26162
26411
24867
25266
25686
25978
25143
25267
24868
25688
26285
25901
24854
24870
25902
26845
25638
25545
26886
25148
26412
25268
26543
25149
26159
24871
26160
24846
24862
24872
26101
26102
26103
26104
26105
26106
26287
25431
25434
25904
24873
25639
25547
24962
26415
26544
26847
24963
25154
26416
26230
26750
25156
26419
24859
24874
25906
25979
25159
25550
25437
25160
25161
25162
24878
25555
25907
24739
24740
25908
25164
25909
26327
26421
26852
26546
25981
26587
25165
25690
25962
25911
25557
25438
25913
26164
25691
24879
26167
26289
25168
25692
26547
25270
24966
26422
25915
26261
26753
25169
26755
25271
25441
26814
26560
26588
25173
24747
26215
26234
26236
25174
26169
24880
24881
26757
24970
26636
26424
26425
25984
25916
25177
26170
26426
25559
26430
25985
25275
25644
25833
25917
25560
24974
26884
25181
25918
26761
25183
25442
25443
26431
26434
25562
26638
24882
26435
24976
26175
25919
25920
25444
26209
26291
26436
25185
25186
26437
26178
24977
25564
25921
25187
25922
26438
25276
25986
26763
25565
24884
25927
25928
25646
26815
25567
26651
25446
25932
26601
26619
26690
24887
25647
25193
25025
25201
24981
26237
25569
26764
26292
26440
24888
26691
25202
26443
26444
25203
25204
25205
24983
26266
26866
26293
26282
26294
25206
25696
25649
25650
25938
26238
26180
26343
26447
26448
25285
25286
26590
24892
26851
24894
26181
26184
25570
24985
26288
24801
25287
25571
26451
26452
26339
26456
25651
25208
25989
24986
25008
25209
25652
25211
24895
26767
25653
24991
25661
26187
25699
25213
25214
25942
24993
26591
26463
25943
24898
25573
26865
30701
30703
30705
30707
30708
30710
30711
30719
30720
30721
30722
30724
30725
30726
30728
30730
30731
30732
30733
30734
30735
30736
30738
30739
30740
30741
30742
30746
30747
30751
30752
30753
30755
30756
30757
30750
37010
38310
37616
38001
37701
37012
38504
38541
38542
38543
37301
37705
37011
37013
37302
38449
38453
38002
37014
37015
37303
37371
38004
38220
37016
38311
38544
37708
38313
37018
37305
37019
37020
37063
38006
37306
37307
38315
37022
37023
38221
37308
37709
38545
37617
37618
38007
38008
37025
38316
37026
37024
37027
37710
38011
38012
38317
38014
38547
38222
38318
38548
37711
37028
38015
37029
37640
37713
38549
37309
38320
38550
37030
37714
37031
38321
37032
38551
37033
37034
37035
37310
37036
37401
37402
37403
37404
37405
37406
37407
37408
37409
37410
37411
37412
37414
37415
37416
37419
37421
37422
37424
37450
38552
38393
37037
37641
37642
37645
37715
37851
38553
38324
37040
37041
37042
37043
37044
37171
37311
37312
37320
37323
37364
38425
37716
37717
37719
37313
37315
37046
38017
38027
38450
38401
38402
38223
38501
38502
38503
38505
38506
37317
38016
38018
38088
37047
37721
37722
38224
37048
38326
38019
37318
37723
38554
38021
37049
38555
38557
38558
38571
38572
38327
38451
37050
37051
37724
37052
38452
37725
37321
37322
38329
37324
37726
37325
37369
37727
38391
37055
37056
37057
37058
37059
38559
38225
38023
38454
37326
38226
37327
38330
38024
38025
38028
37730
37060
38331
37731
37732
37733
37643
37644
38455
38029
38560
37328
37329
38332
37061
37650
37330
38456
37331
38333
37332
37062
37656
37333
37334
38334
38030
38457
37657
37335
38459
37064
37065
37067
37068
37069
38034
37737
38336
38337
38562
37066
38036
38037
37738
37336
38138
38139
38183
38338
37071
38229
37070
37072
38460
38563
38039
38564
37338
37742
37073
37743
37744
37745
38230
38565
37339
37340
38339
38040
38461
37658
37748
37341
37707
37752
37867
37753
37074
37754
37755
38340
38377
37075
37077
38041
38231
37076
38567
38569
38042
38568
37342
37343
37351
38462
38341
38342
38232
38044
38343
38344
37345
37756
38345
37078
38346
37079
38463
37757
38347
38301
38302
38303
38305
38308
38314
38556
37347
37760
37762
37819
37080
37601
37602
37604
37605
37614
37615
37659
37348
38233
37660
37662
37663
37664
37665
37669
37763
37082
37901
37902
37909
37912
37914
37915
37916
37917
37918
37919
37920
37921
37922
37923
37924
37927
37928
37929
37930
37931
37932
37933
37934
37938
37939
37940
37950
37995
37996
37997
37998
37764
38045
37083
37729
37766
38046
37769
37770
37085
37086
37089
38348
38464
37087
37088
37090
37771
37772
38047
38468
37091
38351
37095
37681
37096
38570
37097
37350
38469
37774
37777
38352
37779
38471
37098
37352
38472
37353
37101
38201
38235
37110
37111
37115
37116
37354
37349
37355
38236
38237
38238
37801
37802
37803
37804
37878
37806
38010
38049
38050
37807
38355
38356
37501
37544
38101
38103
38104
38105
38106
38107
38108
38109
38111
38112
38113
38114
38115
38116
38117
38118
38119
38120
38122
38124
38125
38126
38127
38128
38130
38131
38132
38133
38134
38135
38136
38137
38141
38145
38147
38148
38150
38151
38152
38157
38159
38161
38163
38166
38167
38168
38173
38174
38175
38177
38181
38182
38184
38186
38187
38188
38190
38193
38194
38197
38392
38357
38052
38358
38359
37682
38053
38054
38055
38083
37118
38473
37119
37810
38573
37356
38574
37811
38361
37357
37778
37813
37814
37815
37816
38057
37809
37818
38575
37680
37683
37684
37121
37122
38474
37359
38058
37127
37128
37129
37130
37131
37132
37133
37201
37202
37203
37204
37205
37206
37207
37208
37209
37210
37211
37212
37213
37214
37215
37216
37217
37218
37219
37220
37221
37222
37224
37227
37228
37229
37230
37232
37234
37235
37236
37238
37240
37241
37242
37243
37244
37246
37250
38059
37134
37820
37821
37822
37773
37824
37825
37826
37135
37136
37360
37828
37137
37829
38362
38048
38060
37830
37831
38240
37361
37316
37362
37138
38475
37840
37841
37140
37363
37141
38577
37365
38241
37142
38242
37843
38328
38363
37143
37366
37144
37845
37846
38365
37367
37686
37699
38366
37847
38578
37145
37146
38061
37148
37849
38477
38478
38251
38579
38367
37149
38368
37150
37370
38580
37151
38080
37152
38063
38253
37687
37852
37853
38581
37153
37854
37857
38066
37860
38369
37861
38481
37304
37373
38370
38254
38482
38371
38067
38372
38374
38375
37374
37862
37863
37864
37868
37876
37375
37383
37865
37688
38255
37866
37160
37161
37162
37376
38376
37377
38582
37165
37378
37166
37167
37765
37869
37379
37384
38068
37380
38583
37870
38585
37337
37381
38378
37172
37174
38256
38069
38379
37175
37871
38380
38483
37382
37872
37873
37874
38488
37877
37879
37690
37314
37385
37880
37178
37179
37881
38070
38071
38079
38381
37882
37387
37691
38382
38258
38259
38260
37388
37389
37391
37692
38261
38281
37180
37181
37394
37885
37886
38587
37887
37183
37848
37888
37694
37184
37185
38485
37186
38486
38387
37187
37188
37890
37891
37189
37396
38075
38588
37397
38589
38388
38476
38487
38076
37398
37892
37190
38271
37191
38077
38389
38390
47102
47104
47601
47106
47107
47108
47610
47111
47611
47112
47114
47612
47115
47116
47613
47647
47117
47118
47123
47174
47175
47701
47702
47703
47704
47705
47706
47708
47710
47711
47712
47713
47714
47715
47716
47719
47720
47721
47722
47724
47725
47728
47730
47731
47732
47733
47734
47735
47736
47737
47740
47747
47750
47119
47614
47648
47649
47120
47122
47615
47124
47616
47125
47617
47639
47640
47126
47177
47618
47129
47130
47131
47132
47133
47134
47144
47190
47199
47135
47136
47137
47138
47139
47619
47654
47140
47141
47110
47142
47143
47145
47146
47620
47147
47150
47151
47629
47630
47631
47160
47161
47162
47660
47163
47665
47164
47666
47165
47633
47670
47166
47634
47635
47167
47170
47172
47683
47637
47638
42201
42202
42120
40801
42602
41601
42204
42020
42603
42122
40402
41121
40902
42021
40903
41712
41512
40803
41101
41102
41105
41114
42206
42123
41602
41713
40003
42022
41603
40906
40946
40004
42023
42024
42402
40104
40806
41714
41311
41203
41604
42320
40006
42322
42323
42324
42207
41513
41514
41535
41567
40807
42025
40403
40404
42516
40007
41605
40913
41606
42712
40914
40405
40808
40915
41804
41832
41124
41160
41226
40810
40816
40008
41607
42027
42713
41719
41314
41351
41364
41204
40107
42101
42102
42103
42104
42128
40009
40108
42715
42741
42325
40409
42518
40109
42210
40921
40410
41721
40010
42716
41722
41517
40310
42717
42028
42519
42211
42327
42371
42029
40813
40011
40075
42718
42719
42733
40376
41301
41360
41519
42720
42721
42722
41408
40923
40311
40350
41725
41128
41129
42127
40815
42724
42214
42328
42330
42215
40012
41727
42726
42404
40312
41317
40313
42332
40110
42216
42031
40927
40111
40819
42728
42753
42032
41729
40701
40702
41731
41819
42406
40013
40419
40820
42033
40014
41413
42217
41810
42333
42729
40823
42035
40115
41615
40422
40423
40452
41616
42408
40824
41812
41735
40316
40930
42036
41736
42409
41520
42321
42326
42337
42731
42219
42338
42339
42528
41621
41739
42037
42410
40729
41622
42732
40018
42038
42129
40117
42701
42702
41522
41542
42220
42280
40317
40019
40730
41740
40826
41815
40827
42567
40828
40843
41425
40118
40020
42221
41426
40932
40119
42039
40319
