42040
41524
42533
40022
40023
41743
41219
40935
40997
41139
41526
42343
42361
41527
42223
40121
40122
42133
40939
40940
40601
40602
40603
40604
40618
40619
40620
40621
40622
42134
42135
42411
41528
40322
42041
42140
40140
41817
40941
41630
41632
41141
41745
40324
42044
40943
42131
42141
42142
42156
42740
40025
40944
40026
42232
42742
42344
41142
42045
40328
40734
40434
40829
41143
42743
41144
42345
41631
40142
42234
41222
41821
42047
42413
41746
41747
42048
40143
40171
41531
42746
40818
40831
40840
40858
40144
40178
41635
40330
40027
42347
42348
42364
41701
41702
41723
42049
41332
41333
40949
41534
42419
42420
42236
42050
42051
41636
40951
41822
40953
42152
41132
41146
42748
42153
42240
42241
42349
42749
40844
40145
41640
40845
40437
41749
41762
41766
41214
41224
40955
40336
40472
40146
42350
41338
41824
41149
41642
41825
41307
41310
41339
41366
41390
42629
41751
41774
40337
41537
41563
41826
42252
41538
40440
40737
40339
40847
40958
42053
41539
40442
42054
41828
41859
42154
41754
42055
42056
41643
42254
40031
40032
40444
40446
40342
40033
40150
41831
42058
42754
42755
40849
42256
42351
40502
40503
40504
40505
40506
40507
40508
40509
40510
40511
40512
40513
40514
40515
40516
40517
40522
40523
40524
40526
40533
40536
40544
40546
40550
40555
40574
40575
40576
40577
40578
40579
40580
40581
40582
40583
40588
40591
40598
42539
41540
40740
41834
42352
40445
40460
40724
40741
40742
40743
40744
40745
41347
40037
41348
41201
41230
40201
40202
40203
40204
40205
40206
40207
40208
40209
40210
40211
40212
40213
40214
40215
40216
40217
40218
40219
40220
40221
40222
40223
40224
40225
40228
40229
40231
40232
40233
40241
40242
40243
40245
40250
40251
40252
40253
40255
40256
40257
40258
40259
40261
40266
40268
40269
40270
40272
40280
40281
40282
40283
40285
40287
40289
40290
40291
40292
40293
40294
40295
40296
40297
40298
40299
40129
42060
41231
42061
41232
40854
40855
42063
41543
41544
41558
40152
41647
42354
40447
40488
40448
40153
41835
42355
40040
42431
42757
41547
41836
41451
42259
40962
42436
42758
42064
42759
42631
41159
41649
40830
40964
40041
42066
41837
41838
41855
41234
40334
40346
42069
41612
41650
42541
40965
40347
42070
40348
42762
40045
41651
40856
41352
42633
40351
42437
42261
42440
40046
42157
42764
40353
40456
40473
40047
41839
41548
40155
42765
42071
41549
42544
40048
41840
40049
40050
42076
40051
40052
40355
40340
40356
40357
42442
42262
42159
41238
41164
42265
40358
40972
40981
41459
42301
42302
42303
42304
42334
42356
40359
40360
40366
42001
42002
42003
40461
41216
41240
41257
40361
40362
42160
42634
40464
40862
40863
40157
42266
40055
40363
40468
40056
41553
42366
41554
41501
41502
41571
41250
42635
41843
40977
41555
41844
41861
40755
40036
40057
42444
40058
42367
41845
41645
41653
41362
42445
41619
41655
40059
42441
42450
40865
41166
41557
40159
40160
40060
41847
42451
41559
42638
42368
40161
40475
40476
40162
41254
40979
42452
41560
42273
42274
40759
41561
42369
42163
41365
42370
42275
41367
41848
41464
41168
41169
42642
42276
42372
40370
40061
42453
40062
41368
40063
42078
40371
40372
41465
40481
41171
41759
40982
42553
42164
42455
41849
42079
40983
40374
41562
40065
40066
40165
41564
40763
40067
42456
41763
41764
40068
42081
42457
42171
41173
42501
42502
42503
42564
42776
42374
41174
41175
42458
40069
41256
40379
40484
40380
41659
42647
41566
40170
40868
40988
41568
42649
42459
42460
40070
42124
42130
42166
42782
42285
42082
42558
40071
41660
41260
42083
41189
42084
41262
42151
42167
41862
40870
41663
42286
40995
41263
40486
41264
42461
42784
42376
41135
41179
41385
41265
40383
40384
41772
41760
41773
41386
40175
41572
40385
40076
40873
40874
41267
42085
42462
41666
40489
41180
40176
41667
40387
41775
41421
41472
41477
42377
42086
40177
40077
41268
42463
41669
42788
42464
41833
41858
42378
42653
42087
40492
41181
40769
41271
40078
40390
40391
40392
42565
42088
41255
41274
40771
42170
42288
41776
41183
41777
41778
42566
41397
38257
45810
43901
44301
44302
44303
44304
44305
44306
44307
44308
44309
44310
44311
44312
44313
44314
44315
44316
44317
44319
44320
44321
44325
44326
44328
44333
44334
44372
44396
44398
45812
43902
44601
44802
43501
44001
43903
44003
45813
44606
44804
43502
45814
45897
44805
44004
44005
44807
44201
44607
44202
44010
44011
44012
43972
44203
43905
44809
44210
44608
43906
44811
44813
44609
45816
44017
43908
43504
44610
44401
44814
44815
44611
44816
43909
43505
44817
43910
44818
45808
45817
44612
44695
43402
43403
43406
44613
43912
43913
44402
44403
44212
43506
44820
44214
44404
43407
44021
44822
43907
45820
43914
44405
44614
44406
44701
44702
44703
44704
44705
44706
44707
44708
44709
44710
44711
44714
44718
44720
44721
44730
44735
44750
44767
44799
44615
44824
45821
45822
45826
44022
44023
44024
44617
44825
44026
44215
43915
43408
44101
44102
44103
44104
44105
44106
44107
44108
44109
44110
44111
44112
44113
44114
44115
44116
44117
44118
44119
44120
44121
44122
44123
44124
44125
44126
44127
44128
44129
44130
44131
44132
44133
44134
44135
44136
44137
44138
44139
44140
44141
44142
44143
44144
44145
44146
44147
44149
44181
44188
44190
44191
44192
44193
44194
44195
44197
44198
44199
44216
45827
43410
45828
43916
44826
43510
44408
44028
45830
44030
45831
45837
45832
44410
44827
44217
43412
43511
43541
44221
44222
44223
44224
43413
44618
44619
44411
44693
43512
44620
45833
43515
44621
43516
44412
43917
45835
44032
44622
44230
43414
44624
45836
44033
43920
44413
44625
44626
43925
43517
43518
45838
44415
44416
43416
44035
44036
44039
43926
43927
44417
43520
43521
45839
45840
44828
43977
45843
45844
45845
45846
44830
44418
44627
43973
43420
44833
44231
44040
44041
43430
43431
44420
45848
43928
44628
44629
44044
43522
44045
43432
44422
44232
44836
44630
44837
45849
43433
43524
43930
43931
44423
43434
43974
45850
44424
44632
43525
45851
44838
43435
43526
44233
44234
43527
43528
43985
44633
44235
44634
43976
43529
44425
44236
44237
44046
44839
43932
43436
43933
44047
44840
43437
43530
43986
45853
44841
43438
44427
44211
44240
44241
44242
44243
44636
44637
44048
44428
44049
43531
43439
43951
44050
44429
44250
43440
44638
43934
45855
44430
44639
44431
45815
45856
43441
43532
45801
45802
45804
45805
45806
45807
45809
45854
44640
43442
44432
44492
44253
44254
44052
44053
44054
44055
44842
44641
44436
44843
43443
43533
43523
43534
45858
44844
44437
45859
44057
44643
43535
44644
44901
44902
44903
44904
44905
44906
44907
44255
45860
43536
44645
43445
43935
44646
44647
44648
44438
43537
44650
43937
44651
44256
44258
45861
45862
44060
44061
44439
43540
44652
44062
45863
44653
44846
43447
45864
44654
44656
44440
44657
43938
45865
44260
43542
44847
45866
43543
44064
45867
45868
44659
44660
43939
44262
44848
43545
43550
44661
44662
43547
43940
44441
44849
43981
43548
45869
44065
45870
44850
45871
44851
44442
44663
44853
43984
44443
44444
44854
44445
43549
44446
45872
44449
44450
44855
44056
44067
44665
44451
44068
44666
44452
44070
44857
44859
44072
44073
43449
45873
44074
44860
45874
44861
44862
44453
44667
44076
45875
45876
44077
45877
44669
44080
45879
45880
43450
44264
44081
43551
43552
44864
44454
43553
43983
44082
43941
43554
44865
44866
43451
43446
43452
43942
43456
44265
44266
45841
45881
43943
44867
44286
43944
43555
43457
44270
44670
44084
45882
43458
44455
44085
44272
43462
45883
45884
45885
44460
43945
44870
44871
44671
43946
44874
43988
45886
44672
44273
43947
44274
44875
44675
43556
44878
44676
43948
44677
44678
44470
44275
45887
43950
44276
43952
43953
43463
44680
43961
44471
43519
43557
44681
44880
44856
44881
43962
43558
44882
43560
44278
44086
44845
44883
43963
44887
43460
43601
43603
43604
43605
43606
43607
43608
43609
43610
43611
43612
43613
43614
43615
43616
43617
43619
43620
43623
43635
43652
43654
43656
43657
43659
43660
43661
43666
43667
43681
43682
43697
43699
43565
43964
44682
44087
44679
44683
44699
44685
44088
45888
44280
45889
45890
45891
45893
45894
44089
43464
44473
44281
44282
44889
43465
44687
45819
45895
43967
44481
44482
44483
44484
44485
44486
44488
44490
43566
43567
44285
43466
44688
45896
44090
43968
44491
44251
43467
43569
44287
43570
43571
44092
44888
44890
44093
43468
44094
44095
44096
44097
45898
44689
44288
44099
44690
44493
43970
43469
44691
45899
43971
44501
44502
44503
44504
44505
44506
44507
44509
44510
44511
44512
44513
44514
44515
44555
44697
47001
47006
47010
47012
47016
47017
47018
47019
47020
47021
47022
47060
47023
47024
47025
47030
47031
47032
47033
47034
47035
47036
47037
47038
47039
47040
47041
47042
47011
47043
47003
41001
41002
41003
41004
41005
41006
41007
41008
41045
41010
41011
41012
41014
41015
41016
41017
41018
41019
41030
41031
41033
41034
41035
41037
41039
41040
41041
41022
41042
41043
41044
41046
41048
41049
41051
41052
41053
41054
41055
41056
41059
41061
41062
41063
41064
41065
41071
41072
41073
41074
41075
41076
41099
41080
41081
41083
41085
41086
41091
41092
41093
41094
41095
41096
41097
41098
45101
43802
45001
43101
45710
45776
43001
45301
43102
45102
45711
45777
43002
45302
45303
45304
43003
43103
45701
43711
45612
45624
43804
43105
45712
45729
43713
45713
45103
43716
45613
45683
45305
43310
43311
43717
43718
45714
45105
45106
43719
45715
45721
45614
43004
43005
45107
43106
45616
43720
45306
45617
45307
45308
43107
43109
43006
45309
45716
43008
43722
45110
45310
43723
43009
43724
43314
43335
43725
43750
45311
43110
43111
43315
43316
43112
45312
43010
45314
43011
43727
45719
45618
45619
45620
45720
43728
43317
45601
45112
45389
45201
45202
45203
45204
45205
45206
45207
45208
45209
45211
45212
45213
45214
45215
45216
45217
45218
45219
45220
45221
45222
45223
45224
45225
45226
45227
45229
45230
45231
45232
45233
45234
45235
45236
45237
45238
45239
45240
45241
45242
45243
45244
45245
45246
45247
45248
45249
45250
45251
45252
45253
45254
45255
45258
45262
45263
45264
45267
45268
45269
45270
45271
45273
45274
45275
45277
45280
45296
45298
45299
45999
43113
43115
45113
45315
45002
45033
45316
45621
45003
45004
43085
43201
43202
43203
43204
43205
43206
43207
43209
43210
43211
43212
43213
43214
43215
43216
43217
43218
43219
43220
43221
43222
43223
43224
43226
43227
43228
43229
43230
43231
43232
43234
43235
43236
43240
43251
43260
43266
43268
43270
43271
43272
43279
43287
43291
43116
43811
45317
45723
45739
43730
43812
43828
43836
45318
43731
43013
45623
45114
43732
45724
43014
45390
45401
45402
45403
45404
45405
45406
45409
45410
45412
45413
45414
45415
45416
45417
45418
45419
45420
45422
45423
45424
45426
45428
45429
45430
45431
45432
45433
45434
45435
45437
45439
45440
45441
45448
45449
45454
45458
45459
45469
45470
45475
45479
45481
45482
45490
45115
43318
43015
43117
43733
45727
45319
43821
43016
43017
43734
43735
43738
43319
45320
43320
45321
45322
45323
43018
45324
45118
45119
45120
45326
45628
45005
45629
43822
43019
43824
45630
43321
43021
45631
43119
43022
45121
45325
45327
45328
43739
43760
45732
45122
43023
43740
45330
43322
45123
45331
43123
43125
43195
43199
45735
45634
45130
45011
45012
45013
45014
45015
45018
45025
45026
43323
43126
45030
45032
45636
43127
43025
45131
45132
43026
45133
45332
43027
43746
45333
43028
43324
43325
45638
43029
45640
45334
43030
45740
45335
45642
43128
43747
43757
43031
43748
43326
45643
45336
43032
43749
45034
45633
45644
43033
45645
43331
43130
45741
43332
45646
45337
43135
43152
43156
45036
45135
45138
45338
43035
43333
43754
43786
43136
45742
43137
43194
43138
43140
45647
45743
43755
45111
45140
45744
45745
45648
45699
45339
45142
45650
45651
43756
45652
45746
43036
45039
43758
45144
45340
45145
43334
45750
43301
43302
43306
43037
45146
45148
43040
43041
45040
43044
45341
45342
45343
45041
45147
43336
45760
45042
45043
45044
45150
43045
43142
43046
45761
45653
45050
43337
43759
45152
45153
43338
43048
45154
43143
43050
43340
45155
43761
43144
43830
45717
45764
45156
43054
43055
43056
43058
43093
43341
45344
43832
43762
43145
45345
43764
45346
45766
45734
45767
45789
45347
45622
45654
45768
45157
43766
45158
45159
45051
45052
45349
43047
43060
45350
43767
45656
45053
43768
45054
43146
45351
43061
45657
45055
45160
45056
45352
43062
45658
45659
45660
45353
45354
43771
43147
45661
45687
45356
45358
43064
43772
45359
45162
43148
45769
45360
45770
45662
45663
43837
45164
45361
43065
45669
43342
43736
43773
43778
43343
45771
43066
45671
45672
43007
43067
45772
45166
45773
43068
43069
45673
43344
43345
45674
45167
43149
45675
43777
43070
45061
45348
45362
43346
43347
43150
43348
45168
45363
45775
45169
43071
43072
43779
45171
45677
45678
45679
43151
43780
45062
45063
43349
43782
45365
45367
45172
43783
45064
45368
45065
45680
45681
43153
45369
45682
43350
45066
45501
45502
45503
45504
45505
45506
45370
45778
43787
43803
43840
45684
43154
43155
43788
43073
43074
45779
45174
45780
43076
45685
43157
45371
45372
45067
45782
43842
45373
45374
45783
43158
43077
43351
43078
43080
45377
45378
45380
45784
45686
43356
43843
43805
43844
43160
45786
45787
45688
45690
45068
45692
45381
45069
45071
45070
43081
43082
43086
43162
43845
43357
45382
43358
45383
45693
43083
43330
43359
45694
45788
43791
45384
45695
45176
43164
45696
45177
45697
43752
43793
43084
45385
45387
45388
45698
43360
43701
43702
43721
61230
61231
61232
61233
61234
61258
61235
61236
61237
61238
61239
61240
61241
61242
61243
61244
61250
61251
61252
61254
61256
61257
61259
61260
61261
61262
61263
61264
61265
61266
61270
61272
61273
61274
61275
61276
61277
61278
61279
61201
61204
61299
61281
61282
61283
61284
61285
50601
50002
50003
50830
52530
52201
51001
50510
52531
50005
52202
50006
50043
50227
50420
50511
50007
50008
50052
50602
51002
50603
51003
50009
51230
52203
52204
50010
50011
50012
50013
50014
52205
52312
52701
52030
50020
50021
50023
51004
50604
50608
50649
51430
51231
50605
52619
50831
50606
50514
51331
51431
51232
52720
52206
50022
51433
50025
51005
50607
50671
50515
50516
50026
52207
50517
50027
50518
52533
51006
50028
50029
52534
50609
50031
50833
52208
52031
50421
52721
50835
52032
50032
52722
50033
52535
50034
52209
52257
52536
50836
52537
52726
52759
50519
52620
50035
50036
50037
50099
50038
50039
50040
51234
50041
50520
52210
50042
51436
50837
52540
50423
51007
52211
52221
52232
51008
50612
52728
50424
52601
50521
50522
50044
52729
50523
52132
51009
52730
50046
52542
52573
50047
51401
52033
50048
52133
51010
52543
50613
50614
52328
52401
52402
52403
52404
52405
52406
52407
52408
52409
52410
52411
52497
52498
52499
52212
52213
52341
52544
52214
50049
50616
50620
52731
51439
52215
51012
52134
52548
50050
52549
50524
52216
50525
50526
50619
50840
50428
51014
50051
52135
52732
52733
52734
52736
52771
52217
52218
52035
50054
50055
50056
52737
52738
52739
50621
52220
50058
50839
50841
51016
50430
50060
50165
50431
52621
52136
50801
50842
50432
50843
50061
50527
51018
50528
50529
50063
50064
51019
52623
52801
52802
52803
52804
52805
52806
52807
52808
52809
50065
50066
50530
50067
52101
52140
52149
51440
52222
52223
52037
51441
51442
52624
50622
50068
50301
50302
50303
50304
50305
50306
50307
50308
50309
50310
50311
50312
50313
50314
50315
50316
50317
50318
50319
50320
50321
50322
50323
50324
50325
50327
50328
50329
50330
50331
50332
50333
50334
50335
50336
50339
50340
50359
50360
50361
50362
50363
50364
50367
50368
50369
50380
50381
50391
50392
50393
50394
50395
50396
50398
50936
50940
50947
50950
50980
50981
50982
50983
50069
50623
50265
50266
52742
50070
50845
51333
50624
52745
50531
52746
52625
51235
52551
50071
52552
52001
52002
52003
52004
52099
50611
50625
50532
52038
50626
52747
52040
52224
50533
50072
52041
50535
52553
52042
52044
52225
52554
52588
50627
52748
52141
52043
50073
50074
50075
50628
52227
50536
52045
51334
51338
50076
50117
52555
50629
52228
52556
52557
52046
52047
52626
50538
52142
50539
50078
50434
52560
50435
50540
50846
50436
52144
50501
50569
52627
51340
50630
50631
52561
52749
50101
51020
50102
50103
52049
50438
52229
50632
50633
51237
50104
50105
50634
51341
50106
50541
50635
51443
50542
50439
52727
52750
50543
51342
50440
50107
52751
50108
52752
50109
50847
51022
50848
50110
52050
50636
50849
50111
50112
50638
50657
50115
52048
52052
51432
51444
50116
50441
50444
50544
50545
52146
51345
50118
50252
51346
50119
50546
50120
51011
51023
52147
52562
50641
52563
52233
52235
52630
51024
50642
51025
52053
52066
52236
52237
51015
51026
51238
52631
50122
50643
51239
50548
50123
50124
51445
50644
50125
51240
50645
52240
52241
52242
52243
52244
52245
52246
50126
51027
51446
51447
50128
50647
50059
50129
50648
50130
50131
50446
50551
52247
50132
50447
50133
50134
50135
50448
52632
52565
52231
52248
50136
52249
50137
51028
52566
51448
50449
50552
50138
50139
52251
51449
50450
51347
51450
50451
50140
50650
52054
51451
52151
50651
51241
51029
50452
50141
50554
52154
51030
52753
50556
50142
50557
50143
50453
51031
50851
50144
51242
52754
50145
52567
51452
52155
50652
50146
50147
51033
52253
50148
51243
50558
52635
51453
50559
52755
52756
50149
52254
50057
50150
52255
52757
52156
50151
50152
50560
52056
50153
50561
50154
52758
52157
50155
50156
50157
50562
52036
52057
51454
50456
51455
50563
51034
52060
50565
50653
51035
52301
52302
52158
50158
52305
50160
52568
50401
50402
50467
50654
50853
51036
50161
50655
50681
52306
52637
50162
50062
50163
52569
51350
50164
51037
51038
50457
52307
52638
52064
51351
52308
50001
50166
52570
50167
50127
50168
50169
52309
52159
52170
50170
50171
52219
52252
52310
50173
52639
50566
52571
52640
52760
52572
52313
50854
52641
52642
52644
52660
52314
51039
50174
52761
52574
50658
50567
50201
52160
50568
52315
50659
50661
50660
52765
52645
50206
50207
50208
52065
50210
52766
50857
50458
52316
52317
50459
50211
52318
52646
51354
51458
50662
50212
51355
52647
52320
52576
51040
52321
50664
51041
50460
50858
50454
50461
50213
52577
52161
50214
51044
50570
52501
52322
52323
51045
52580
50571
52324
50216
50665
52325
50217
50218
51046
50219
52068
50220
50222
51047
51048
52648
50223
50666
52581
52767
50225
50573
50464
50574
50226
50575
52162
50228
50859
52069
52074
51245
52768
50229
52583
52163
52584
52326
51049
50230
50465
51459
50231
50667
50668
50232
50860
50233
50669
50576
51050
50577
50234
50455
50466
52585
51460
52165
50578
50235
52327
50468
51246
51247
50469
50579
51051
50236
50581
52586
50470
52329
51343
51357
50471
50237
50238
51358
50582
52330
52070
50583
50426
50472
50481
50239
50240
52071
52166
50241
52072
52649
51052
51248
50473
51053
51461
51462
50242
51054
52590
50861
50862
50427
50433
50475
50243
51201
51244
50670
52332
52039
52073
51249
52591
51250
51101
51102
51103
51104
51105
51106
51108
51109
51111
50585
50244
51055
51056
52333
50586
52334
52335
52355
51301
52650
52168
51360
52075
52336
50476
50246
52337
50247
50672
52651
52769
50588
50248
50673
50249
52076
50250
50251
50674
52164
51363
51058
50477
50590
52652
52338
52339
51463
51364
50254
50478
50591
50255
50479
52340
50863
52772
50480
52342
50256
50675
50676
52344
50592
50257
52593
50258
50259
52594
52595
52345
51060
51465
52346
50261
50262
50593
50482
52347
50864
50594
52348
52349
52077
52169
52773
52351
52352
51365
51466
52653
52353
51061
50701
50702
50703
50704
50707
52354
52171
50263
52172
50677
52654
51366
50595
50264
52356
50680
52774
50483
50597
52358
52655
52359
51062
52776
52656
52657
51467
52175
52658
50268
52550
52777
51063
50598
50269
50271
52361
50272
52778
52659
50273
50682
50274
50484
50275
50276
50599
52078
52362
50277
50278
52079
55909
56110
56146
55001
56431
56433
56307
56207
56007
55301
56009
56434
56308
56111
55910
56010
55703
55710
55302
55303
55304
56208
56113
55307
56309
55704
56209
55705
55912
56114
56310
55706
56435
56621
56115
55707
56311
56623
55003
56211
55601
56116
55308
56312
56011
56212
56214
56601
56619
56658
56626
56641
56215
56437
55005
56117
56627
56628
56639
55309
56629
55310
55708
56630
56663
56216
55917
56013
56313
55709
56314
56218
55006
56401
56425
56315
56119
56014
55602
55007
55711
56316
56438
55918
56219
55919
55312
55712
55313
55314
55713
56318
56120
55920
55921
55716
55008
56220
55009
55922
56319
55718
55315
56633
55010
55011
55002
55012
56121
55316
56122
55317
55318
55923
55013
55719
56221
55014
56222
55924
56440
56223
56016
56634
56652
55319
55320
56224
56017
56225
56226
55720
55721
55321
56320
55722
56321
55322
56019
56020
55723
56227
56228
55016
55717
55724
55766
56229
56021
55725
55726
56441
56442
55323
56123
56443
56323
55925
55017
56324
56230
56231
56022
55324
55325
56232
55327
56631
56636
56637
56659
56688
56444
55328
56023
55018
55926
55933
55927
56235
55929
56125
55701
55801
55802
55803
55804
55805
55806
55807
55808
55810
55811
55812
55814
55815
55816
56236
55019
56127
56446
56024
56025
56237
55329
56128
55931
55932
55330
56026
56129
56027
56325
55731
55796
56028
55732
56447
56029
55733
56326
55734
55331
55934
55332
56031
56075
55021
55024
56448
55603
55735
56328
55736
56329
56357
55738
55025
56330
56449
55935
55333
56032
56331
55026
56033
56131
56034
56332
56450
55334
56035
56239
55335
55741
56333
55336
56036
56334
56644
55027
56037
56210
56240
56039
55604
55936
55605
55730
55744
55745
55029
56241
55030
55036
55338
56335
56336
56243
56646
56452
55339
55340
55031
56244
56245
55341
56041
56134
55939
55032
56042
55033
55940
55973
56043
55342
56044
56136
56248
56137
56453
55746
55747
55748
55785
56138
55037
56647
56339
55941
56340
56139
56045
56249
56341
56046
55305
55343
55344
55345
55346
55347
55943
55606
55349
55575
55750
55038
55350
56649
56141
55751
56455
55040
56342
56142
56143
56048
56144
56145
55352
56251
56050
55944
55753
56650
55945
56147
56343
55946
56252
55756
55757
56051
56052
55353
55609
55947
56054
56149
55041
56055
55042
56150
56458
55043
56253
55044
56151
56152
55949
55950
56461
56056
56057
56651
56153
55951
55354
56058
55952
56060
55045
56155
55355
56345
56653
56669
56654
55356
56347
56655
55046
55357
55595
55596
55597
55598
55599
56327
56349
56255
55612
56156
55953
56157
56350
55760
55954
56062
56256
56063
56158
55763
56001
56002
56003
56006
55955
55358
55348
55359
55393
55570
55571
55574
55576
55578
55579
55592
55593
56065
55764
56657
56257
55047
56258
55360
56260
55956
55765
55049
56352
56464
56465
56353
56363
56262
55957
56263
56354
55401
55402
55403
55404
55405
55406
55407
55408
55409
55410
55411
55412
55413
55414
55415
55416
55417
55418
55419
55420
55421
55422
55423
55424
55425
55426
55427
55428
55429
55430
55431
55432
55433
55434
55435
55436
55437
55438
55439
55440
55441
55442
55443
55444
55445
55446
55447
55448
55449
55450
55454
55455
55458
55459
55460
55467
55470
55472
55473
55474
55478
55479
55480
55483
55484
55485
55486
55487
55488
56264
55959
56068
56660
56265
56069
55362
55365
55565
55580
55581
55582
55584
55585
55586
55587
55588
55589
55590
55591
55363
55767
55051
56266
56267
55052
56270
56466
55364
55758
55768
56159
56271
55769
56355
55053
56467
55366
55367
56273
55020
55054
56356
55055
56071
56072
56030
56073
56084
56074
56459
56468
56274
55056
55057
56661
56276
56160
56358
56161
56277
56359
56162
55960
55771
55772
56278
56360
55311
55369
55569
55961
56662
55060
56469
56361
56470
56362
56078
55775
56279
56472
55962
56317
56338
56344
56364
56473
55063
55963
56456
56474
56164
56177
55964
55370
56666
56280
55965
55371
55377
56281
55372
56667
55967
56475
55065
56668
56282
56670
56671
55066
56283
56672
56284
56166
56367
56368
56371
55901
55902
55903
55904
55905
55906
55373
55572
55577
56369
55374
55969
56673
56682
55970
55068
56167
56373
55067
55069
55971
56165
56168
56169
56170
56285
55702
55779
55791
55375
55972
56080
56301
56302
56303
56304
56372
56379
56387
56388
56393
56395
56396
56397
56398
56399
55070
56081
56374
56375
56376
55376
55101
55102
55103
55104
55105
55106
55107
55108
55109
55110
55111
55112
55113
55114
55115
55116
55117
55118
55119
55120
55121
55122
55123
55124
55125
55126
55127
55128
55129
55130
55133
55144
55145
55146
55150
55155
55164
55165
55166
55168
55170
55171
55172
55175
55187
55188
55071
56082
56083
55072
56377
56378
56389
55306
55337
55378
55780
55073
55613
56477
56478
55074
55379
56171
56676
55781
55607
55614
55380
55381
56172
56085
56678
56687
55782
55382
56679
55075
55076
55077
56288
56087
55974
56680
55384
55975
56681
55078
55079
55080
56479
56381
56173
55385
55976
55082
55083
56174
55783
56289
56382
55786
55787
55977
56291
55084
56683
55615
55790
56132
56175
56684
56176
56088
56089
55616
56178
56384
55979
55085
56481
56090
56287
56292
55386
56385
55777
55792
55968
55981
56293
55387
56482
56386
56091
56430
56436
56484
56180
55982
55983
56294
55742
55752
55784
55793
55087
56093
56685
55388
56096
55389
56295
55390
55361
55391
55392
55088
55089
56181
56097
56183
55985
56296
55090
56686
56201
55795
56185
56101
56118
56140
56047
56098
55942
55987
55988
55395
55396
56297
56186
56187
55749
55797
55798
55990
55092
55368
55383
55394
55397
55399
55550
55551
55552
55553
55554
55555
55556
55557
55558
55559
55560
55562
55564
55566
55567
55568
55573
55583
55594
55398
55991
55992
54610
54611
54805
54720
54001
54612
54721
54613
54806
54722
54002
54810
54614
54812
54813
54723
54814
54003
54817
54834
54857
54615
54616
54724
54725
54726
54819
54820
54821
54727
54822
54618
54637
54619
54824
54621
54728
54729
54774
54004
54005
54622
54730
54826
54731
54623
54732
54827
54828
54829
54006
54733
54830
54007
54624
54625
54734
54735
54009
54832
54736
54626
54640
54657
54701
54702
54703
54737
54738
54739
54010
54011
54740
54627
54835
54741
54742
54628
54629
54837
54630
54631
54632
54743
54013
54838
54890
54839
54840
54014
54015
54818
54841
54842
54843
54844
54846
54855
54634
54635
54745
54636
54016
54082
54746
54747
54847
54748
54638
54749
54601
54602
54603
54848
54639
54849
54850
54853
54750
54854
54816
54856
54641
54642
54751
54754
54643
54858
54644
54859
54755
54764
54645
54646
54756
54757
54017
54648
54649
54861
54650
54651
54020
54758
54759
54760
54761
54864
54865
54762
54021
54867
54652
54868
54763
54022
54023
54653
54024
54765
54870
54654
54766
54845
54871
54872
54655
54873
54025
54874
54620
54656
54801
54875
54767
54768
54026
54769
54658
54876
54770
54836
54880
54659
54771
54660
54888
54661
54662
54889
54664
54665
54666
54891
54893
54667
54669
54895
54772
54773
54027
54670
54862
54896
54028
56510
56710
56711
56713
56511
56714
56514
56515
56516
56517
56518
56519
56520
56715
56521
56522
56565
56583
56523
56524
56525
56716
56527
56528
56501
56502
56577
56578
56529
56720
56721
56531
56534
56535
56722
56536
56533
56537
56538
56540
56723
56541
56542
56543
56544
56593
56545
56546
56547
56725
56726
56727
56728
56740
56755
56548
56549
56550
56551
56552
56731
56729
56732
56733
56553
56734
56554
56735
56556
56557
56736
56724
56737
56560
56561
56562
56563
56566
56738
56567
56568
56569
56742
56570
56744
56571
56572
56573
56574
56748
56575
56750
56576
56751
56579
56580
56754
56581
56757
56758
56759
56701
56584
56585
56586
56587
56760
56588
56761
56762
56741
56756
56763
56589
56590
56591
56592
56594
59001
59061
59820
59710
59311
59711
59312
59211
59821
59863
59003
59004
59410
59713
59411
59212
59313
59354
59006
59631
59007
59008
59714
59412
59314
59910
59911
59010
59520
59011
59101
59102
59103
59104
59105
59106
59107
59108
59111
59112
59114
59115
59116
59117
59012
59315
59823
59632
59521
59316
59715
59716
59717
59718
59719
59771
59772
59416
59014
59317
59345
59015
59213
59214
59417
59318
59418
59016
59701
59702
59703
59707
59750
59419
59720
59721
59420
59440
59421
59824
59522
59523
59535
59422
59215
59634
59825
59018
59424
59322
59323
59912
59913
59919
59926
59928
59019
59826
59827
59425
59456
59020
59081
59828
59217
59022
59218
59024
59427
59219
59829
59914
59929
59025
59722
59731
59733
59430
59724
59725
59732
59746
59727
59831
59524
59832
59432
59433
59434
59635
59647
59026
59324
59728
59915
59027
59729
59435
59917
59436
59221
59326
59341
59028
59222
59833
59327
59442
59636
59918
59223
59443
59225
59834
59846
59226
59242
59029
59444
59730
59030
59031
59446
59447
59525
59230
59231
59330
59032
59084
59401
59402
59403
59404
59405
59406
59414
59033
59837
59835
59840
59841
59332
59034
59035
59526
59036
59735
59501
59527
59448
59601
59602
59604
59620
59623
59624
59625
59626
59633
59843
59844
59450
59451
59528
59241
59452
59529
59845
59848
59037
59038
59076
59039
59530
59336
59736
59638
59041
59531
59337
59453
59901
59903
59904
59454
59466
59920
59338
59532
59922
59931
59243
59043
59244
59044
59046
59441
59457
59923
59739
59639
59339
59047
59082
59050
59847
59460
59537
59740
59052
59538
59741
59925
59053
59640
59247
59743
59054
59055
59301
59333
59343
59851
59801
59802
59803
59804
59806
59807
59808
59812
59462
59002
59057
59463
59464
59059
59248
59465
59745
59853
59927
59250
59062
59252
59854
59855
59856
59063
59253
59467
59858
59859
59254
59344
59860
59064
59747
59255
59468
59065
59066
59748
59067
59256
59469
59068
59257
59069
59258
59930
59259
59240
59260
59642
59013
59070
59864
59071
59347
59072
59073
59471
59540
59074
59261
59865
59830
59842
59866
59867
59075
59472
59077
59262
59263
59868
59078
59461
59474
59079
59749
59270
59477
59932
59479
59870
59480
59933
59871
59083
59482
59483
59872
59484
59349
59873
59752
59641
59643
59644
59934
59874
59935
59542
59751
59754
59085
59485
59486
59273
59487
59875
59274
59755
59351
59756
59275
59916
59921
59936
59758
59937
59759
59645
59276
59544
59545
59353
59760
59086
59489
59058
59087
59761
59762
59648
59201
59088
59089
59546
59547
59319
58001
58210
58830
58831
58520
58833
58620
58710
58758
58212
58711
58835
58006
58214
58413
58521
58713
58216
58621
58316
58622
58627
58716
58718
58523
58416
58484
58310
58317
58501
58502
58503
58504
58505
58506
58507
58318
58721
58418
58423
58623
58321
58420
58011
58722
58723
58218
58219
58223
58324
58725
58421
58529
58838
58004
58012
58079
58422
58220
58236
58013
58530
58015
58325
58424
58016
58017
58531
58018
58727
58425
58452
58426
58730
58222
58021
58428
58429
58731
58733
58301
58327
58362
58382
58601
58602
58625
58734
58735
58712
58736
58225
58626
58329
58433
58227
58330
58331
58533
58436
58228
58027
58843
58007
58029
58332
58229
58030
58102
58103
58104
58105
58106
58107
58108
58109
58121
58122
58124
58125
58126
58438
58031
58230
58535
58564
58569
58737
58439
58231
58233
58032
58033
58335
58844
58528
58538
58441
58442
58035
58036
58540
58235
58630
58641
58740
58443
58631
58541
58632
58430
58444
58445
58237
58201
58202
58203
58204
58205
58206
58207
58208
58038
58741
58634
58845
58040
58069
58542
58636
58238
58338
58041
58448
58341
58005
58042
58240
58043
58544
58545
58638
58241
58639
58009
58045
58243
58046
58056
58065
58047
58002
58048
58451
58244
58401
58402
58405
58476
58454
58744
58049
58847
58746
58455
58640
58051
58343
58748
58440
58456
58344
58415
58431
58458
58249
58255
58281
58250
58750
58251
58345
58346
58460
58052
58053
58752
58552
58054
58461
58463
58755
58464
58057
58254
58348
58756
58554
58566
58757
58642
58058
58256
58059
58466
58759
58760
58257
58467
58645
58258
58558
58559
58224
58259
58060
58260
58351
58701
58702
58703
58704
58705
58707
58768
58261
58524
58560
58761
58472
58061
58646
58262
58311
58323
58352
58353
58363
58549
58561
58265
58355
58762
58647
58562
58356
58563
58763
58266
58062
58765
58267
58474
58357
58063
58269
58064
58769
58270
58770
58361
58271
58272
58475
58273
58771
58772
58274
58773
58849
58649
58650
58275
58643
58651
58644
58652
58565
58478
58339
58365
58366
58367
58775
58776
58313
58368
58067
58779
58369
58370
58276
58479
58480
58372
58781
58653
58568
58654
58277
58068
58782
58374
58570
58783
58655
58481
58784
58794
58571
58377
58482
58532
58572
58573
58483
58785
58486
58487
58656
58278
58852
58379
58787
58380
58071
58788
58853
58575
58488
58576
58789
58072
58778
58790
58490
58792
58074
58075
58076
58077
58239
58282
58381
58577
58854
58078
58793
58795
58801
58802
58384
58579
58492
58477
58494
58495
58385
58496
58008
58081
58386
58497
58856
58580
58581
57401
57402
57474
57520
57001
57311
57714
57312
57379
57422
57212
57313
57314
57337
57424
57213
57002
57315
57214
57003
57426
57716
57427
57717
57521
57004
57216
57620
57649
57650
57718
57522
57317
57428
57706
57719
57217
57005
57218
57429
57319
57219
57430
57006
57007
57220
57221
57720
57755
57722
57621
57523
57724
57012
57321
57013
57725
57322
57323
57223
57324
57014
57325
57326
57015
57016
57224
57421
57432
57225
57226
57017
57528
57018
57433
57449
57434
57227
57328
57344
57435
57020
57055
57730
57021
57732
57022
57330
57231
57331
57436
57531
57622
57623
57625
57232
57735
57025
57026
57332
57737
57234
57334
57437
57738
57335
57027
57626
57438
57024
57028
57235
57741
57532
57537
57339
57440
57441
57029
57340
57341
57236
57030
57237
57031
57342
57442
57455
57631
57238
57529
57533
57239
57439
57445
57534
57032
57536
57033
57241
57242
57446
57243
57744
57632
57538
57571
57345
57346
57540
57745
57348
57448
57747
57450
57349
57748
57034
57035
57036
57350
57399
57541
57451
57037
57353
57633
57452
57038
57543
57354
57544
57751
57355
57245
57752
57356
57247
57248
57233
57249
57454
57636
57754
57638
57039
57456
57040
57359
57639
57457
57548
57041
57641
57642
57042
57756
57460
57043
57047
57547
57551
57574
57251
57644
57461
57045
57552
57246
57252
57253
57553
57362
57555
57046
57301
57601
57659
57048
57634
57645
57660
57646
57363
57640
57559
57759
57255
57758
57760
57364
57761
57762
57560
57049
57465
57050
57057
57365
57763
57782
57764
57562
57563
57051
57052
57466
57564
57766
57467
57053
57366
57566
57257
57567
57367
57769
57468
57501
57770
57368
57369
57648
57772
57568
57773
57370
57775
57054
57701
57702
57703
57709
57258
57469
57776
57371
57569
57651
57259
57652
57470
57471
57570
57260
57261
57572
57373
57779
57058
57780
57059
57420
57472
57473
57061
57101
57103
57104
57105
57106
57107
57108
57109
57110
57117
57118
57186
57193
57197
57198
57262
57263
57783
57799
57374
57062
57375
57264
57265
57785
57266
57063
57064
57630
57656
57475
57268
57657
57065
57376
57476
57477
57269
57066
57787
57067
57788
57068
57270
57010
57069
57070
57576
57071
57072
57329
57361
57380
57073
57658
57750
57790
57272
57577
57479
57767
57791
57201
57256
57273
57274
57075
57381
57382
57481
57276
57661
57383
57792
57579
57793
57271
57278
57279
57076
57580
57584
57384
57585
57358
57385
57077
57794
57386
57078
66710
66711
66741
66712
66735
66002
66006
66007
66713
66778
66008
66714
66010
66012
66716
66013
66717
66014
66720
66724
66015
66725
66728
66016
66017
66018
66019
66020
66021
66023
66024
66733
66025
66734
66026
66701
66736
66739
66740
66030
66032
66742
66743
66033
66746
66035
66036
66748
66749
66101
66102
66103
66104
66105
66106
66109
66110
66111
66112
66113
66115
66117
66118
66119
66160
66039
66040
66751
66041
66042
66044
66045
66046
66047
66049
66027
66043
66048
66050
66052
66053
66753
66054
66754
66732
66755
66056
66756
66058
66757
66758
66759
66060
66031
66051
66061
66062
66063
66760
66064
66066
66067
66070
66071
66072
66073
66761
66762
66763
66075
66076
66738
66767
66078
66079
66769
66080
66770
66771
66773
66201
66202
66203
66204
66205
66206
66207
66208
66209
66210
66211
66212
66213
66214
66215
66216
66217
66218
66219
66220
66221
66222
66223
66224
66225
66226
66227
66250
66251
66276
66282
66283
66285
66286
66083
66772
66775
66085
66776
66086
66777
66087
66779
66088
66780
66090
66781
66091
66092
66782
66093
66094
66095
66097
66783
64720
63730
64401
64830
64402
65601
64420
64001
64620
63732
65606
65690
64421
64422
64722
64723
64831
63620
63820
64724
63821
63621
64725
65603
64832
65604
65605
65608
65701
65715
64833
65609
65766
64423
64011
63622
63735
63623
64012
63736
63822
63823
64424
65610
65438
63624
65439
63625
64726
63824
63825
63627
65611
64013
64014
64015
64426
64622
65612
64427
65613
65727
63628
65440
64623
65441
65614
63826
63827
65688
65615
65616
64624
63737
64625
65617
65443
65618
64728
64628
65619
63932
64630
63738
65620
64631
64016
65444
65622
65783
63629
63739
64428
64730
65689
63626
63630
64632
63631
64017
64018
64429
63933
63828
65624
63701
63702
63703
63829
64834
64633
64835
64836
63830
63632
65623
65625
63833
65626
65627
64019
63633
65629
65657
63740
63834
65446
64733
64601
64654
64635
64430
63837
64431
64734
65631
64735
64432
64636
64738
63742
64433
64434
64020
65632
63839
64021
64436
64637
64437
65633
64739
65452
65634
65453
65635
63743
64438
65456
64638
64439
64740
64741
63840
64440
63744
64441
63636
65457
64639
63841
64840
65636
65459
63637
63931
63935
63942
65637
64022
64742
63936
64841
65640
63745
65641
64442
64743
64443
63845
65436
65462
64444
64744
65463
65464
65644
63638
63937
64445
65466
63846
65468
65589
65646
64024
64073
65647
63939
64446
65648
65649
64842
65470
64028
63640
63746
64448
64449
63940
63601
63653
65650
65652
64451
65653
65473
65584
64745
63645
64746
65654
63941
63748
65655
65656
64640
64641
64747
64453
63847
63848
64642
63750
63751
63849
65658
64748
64843
63752
64454
65660
64455
64029
64844
63943
64030
64456
64458
63850
65661
63944
63963
64034
65662
64457
64643
65663
65664
64644
65666
64035
64701
65479
65667
63945
64750
63851
64459
64036
65668
64037
65669
63852
64040
63853
65672
65673
64048
64461
63855
65483
65564
65484
65674
64752
64646
65675
65486
64050
64051
64052
64053
64054
64055
64056
64057
64058
63648
63650
65676
63755
65501
64647
64648
64755
64756
64801
64802
64803
64804
64101
64102
64105
64106
64108
64109
64110
64111
64112
64113
64114
64116
64117
64118
64119
64120
64121
64123
64124
64125
64126
64127
64128
64129
64130
64131
64132
64133
64134
64136
64137
64138
64139
64141
64144
64145
64146
64147
64148
64149
64150
64151
64152
64153
64154
64155
64156
64157
64158
64161
64163
64164
64165
64166
64167
64168
64170
64171
64179
64180
64184
64187
64188
64190
64191
64195
64196
64197
64198
64199
64999
64060
63758
63857
63860
64649
65686
64463
64650
64061
65679
65680
63651
65692
64651
65532
64759
64766
65681
64847
65534
64652
64848
64465
64062
65535
65536
64002
64063
64064
64065
64081
64082
64086
64761
63760
63654
64066
64067
64762
64068
64069
65542
63862
64653
65682
63950
64070
65590
65685
63951
64763
64655
64656
64657
63763
65786
65702
64466
63863
65704
63764
64658
65705
63655
65706
63866
64467
64468
63867
64469
64071
64659
64660
64661
64765
63656
65707
63766
63952
64767
64769
63660
64072
65708
65546
65591
64770
65777
64664
63868
63767
65645
65710
64470
64771
65638
65711
65768
65548
65712
65778
64074
63953
64849
63954
64850
64772
65461
65529
65550
64471
63869
64645
64667
65713
65714
64854
64668
64680
65717
64075
63769
64076
63770
65720
63771
64473
64855
64077
64474
64776
63955
65721
63870
64475
63956
63662
64670
65788
64078
63774
63747
63775
63776
63783
65722
64476
63957
65723
63663
64856
65724
65543
65552
64079
64477
64080
65725
63779
65726
64671
65789
65728
65729
63901
63902
63873
63664
65790
65730
65731
64672
65732
64673
65733
64857
64674
65734
63960
65735
63938
63961
64858
64479
65555
64083
64084
64480
63665
64859
65737
65738
63666
64778
64779
65556
64085
65739
64481
63874
63875
65787
65557
65740
65741
64482
64496
64780
64861
65742
65401
65402
65409
65541
63962
64781
64483
64676
65744
64484
64864
63670
65559
64501
64502
64503
64504
64505
64506
64507
64508
63673
65449
65560
64862
64485
64783
63780
63781
65745
63876
64865
65746
64784
65747
64486
64088
63801
63934
63964
64487
64089
65752
64863
65753
64679
65630
65754
65801
65802
65803
65804
65805
65806
65807
65808
65809
65810
65814
65817
65890
65897
65898
65899
65755
64489
64853
64866
63877
65565
65566
64867
64490
65607
65785
65756
65567
65757
64090
63782
65570
65571
64681
63878
65759
64491
65760
65791
65761
65762
63674
64868
64682
64683
64492
65764
65765
64493
64494
65767
64788
64686
63965
63784
65769
65580
65582
63675
64869
64092
64790
65770
65771
63966
63879
64093
65772
65773
64096
65583
64497
65774
64870
64097
64873
65586
64498
64098
65775
65776
65779
64874
64688
63880
63785
65781
63967
65793
65588
64689
63881
64499
63882
63787
65784
51521
51630
51647
51523
51631
51525
51632
51636
51637
51501
51502
51503
51526
51542
51527
51520
51528
51529
51530
51531
51532
51533
51638
51645
51639
51534
51535
51640
51536
51537
51593
51540
51543
51544
51546
51550
51541
51549
51551
51552
51553
51554
51555
51556
51545
51557
51558
51559
51646
51560
51561
51562
51578
51648
51563
51564
51565
51649
51566
51591
51650
51651
51570
51601
51602
51603
51652
51571
51572
51573
51653
51654
51575
51548
51576
51577
51579
51656
51510
67510
67568
67410
66830
67621
67511
67512
67513
66833
66401
66501
67622
67330
66834
67623
66835
67001
67002
67003
67150
67004
67005
67514
67831
67416
66932
67008
67009
67730
67744
66402
67010
67417
66403
66404
67418
66933
67332
67516
66406
67013
66935
67420
67519
66407
67422
67016
67017
66408
66409
67423
67731
67520
66411
67018
67625
66412
67732
67743
67425
67521
67834
67522
67626
67019
67523
66838
66413
66839
66840
66936
67020
67427
67022
67023
67333
67428
66414
66842
66862
67627
67430
67628
66843
67024
66415
67431
67524
67334
67025
67335
67336
67835
66416
67525
67432
67026
66937
66930
66938
67028
67337
67701
67029
67631
67030
66901
67031
67836
67837
66845
66846
66873
66939
66940
67035
67632
67036
67340
67838
66418
67436
66419
67341
67037
67038
67102
67839
67801
67843
67634
67039
66420
67437
67438
66849
67342
67733
67041
67042
67344
67345
67950
67526
67637
67656
67439
66850
66422
66801
67840
67841
67441
66941
66423
67012
67045
66424
66425
67047
67442
66851
67842
66942
67844
66427
67049
67443
67846
67868
67050
67529
67638
67444
67051
67445
67446
67052
67053
66417
66428
67735
67640
67736
67737
66429
67530
67447
66943
67054
67346
66852
67738
67448
66944
67056
66853
66945
67849
67057
67058
66854
66431
67347
67543
67059
67601
67660
67667
67060
67850
67449
67739
67062
66434
67642
67659
67063
67544
67851
66946
66436
67450
66438
67451
66439
67349
67740
66440
67545
67951
67452
67501
67502
67504
67505
67301
67853
67546
67065
67066
66948
67635
67643
67854
66949
67855
66441
66442
67454
67741
67067
67857
66951
67068
67547
67061
67070
67644
67859
67548
67553
67860
67550
67072
66952
66856
67073
67629
67645
67074
66449
67861
66857
67552
67901
67905
67351
67455
66858
67456
66953
67457
67646
67458
67647
67352
67459
66859
67648
67649
66451
67554
67556
67745
67460
67557
66855
66860
66955
67101
66502
66503
66505
66506
66956
67862
66507
67863
66861
67464
66508
66509
67103
67864
67071
67104
66510
66512
67105
66514
67106
67118
67466
67467
67865
67353
67867
67468
67650
66515
66958
67952
67107
67354
67108
67109
67110
66959
67111
66960
67112
67651
66863
66864
67518
67560
66516
67470
67114
67561
67355
67653
67117
67654
67748
67749
67563
66517
66518
67564
66865
66520
66521
66522
66523
67473
67356
67565
66524
67119
67657
66962
67658
67751
67357
67566
67567
66526
66866
67120
67360
67639
67661
67122
67869
67663
67474
67123
66527
67664
67021
67124
67570
67127
66528
67752
67475
67483
66963
66554
67515
67572
67573
66868
66964
67734
67753
67953
66531
66532
67131
67954
67132
67133
66533
67476
67574
67559
67575
67665
66534
67756
66535
67576
66536
67401
67402
67870
67134
66961
66966
67871
66537
67361
67135
67757
66538
67137
67138
67758
67761
66539
67478
66967
66432
66540
67480
67140
67876
67142
67578
67579
67669
66869
67877
66541
67143
67363
67481
67581
67878
67482
66542
67484
67485
66601
66603
66604
66605
66606
66607
66608
66609
66610
66611
66612
66614
66615
66616
66617
66618
66619
66620
66621
66622
66624
66625
66626
66628
66629
66636
66647
66667
66675
66683
66699
67144
67879
67583
67364
67146
67880
67584
67147
66543
66544
67671
67674
67149
66870
66546
67672
67487
67673
67151
66547
66968
66548
66871
66970
67152
67762
66426
66549
66550
66872
67154
66552
67055
67201
67202
67203
67204
67205
67206
67207
67208
67209
67210
67211
67212
67213
67214
67215
67216
67217
67218
67219
67220
67221
67223
67226
67227
67228
67230
67232
67235
67260
67275
67276
67277
67278
67155
67490
67491
67156
67747
67764
67492
67675
67882
67585
67159
68301
69210
68620
68655
68810
68303
68710
69301
68920
68304
68812
69331
68813
68814
68922
68815
68002
69120
69121
69333
69335
68003
68042
68817
68711
68713
68734
68305
68818
68307
68924
68925
68004
68622
69020
68714
68715
69334
69353
68310
68458
68926
68946
68313
68314
68716
68717
68005
68123
68147
68624
68316
69021
68317
68007
68068
68927
69122
68928
68008
68009
68718
68929
68930
68318
68820
68010
68319
69123
68626
69336
68719
69125
68822
68321
69127
68322
68444
68001
68014
68036
68720
68323
68380
68381
68823
68837
69128
68722
68325
68824
68825
69022
68932
68326
68723
68015
68016
68623
68627
68724
68826
68017
69337
68725
69023
68827
69129
68327
68375
68429
68628
68629
68328
68933
68726
69211
69219
68727
68018
68601
68602
68828
68881
68728
68329
68330
68331
69130
69171
68332
68019
69339
68729
68789
68631
68333
68730
69212
69024
69025
68731
69131
69026
68831
68335
68336
68632
68337
68338
68020
68339
68340
68934
68341
68342
68440
69133
68732
68633
68832
68343
68344
68345
68346
68382
68634
68821
68833
68635
68347
68935
68936
68835
68636
68348
68022
69340
68836
68861
68349
69134
68937
68976
68733
69027
68350
68637
69028
68735
68351
68352
68938
68354
68355
68433
69029
68838
68357
68358
68736
68023
68939
68025
68026
68359
68638
68940
68360
68361
68640
69341
68840
68841
68941
68364
69343
69138
68365
68801
68802
68803
69140
68842
68366
68367
68028
68942
69141
69030
68368
69142
68843
68943
69345
69346
68739
68944
68954
68901
68902
69032
69347
69367
68945
68315
68362
68370
69348
69354
68371
68029
69143
68372
68947
68948
68923
68949
68969
68950
68030
68031
68846
68740
68641
68741
68376
68642
69350
69033
69034
68742
68033
68743
68377
68378
68379
69214
68955
68845
68847
68848
68849
68956
68034
69144
69216
69145
69351
68745
68957
68643
69146
69147
68850
68501
68502
68503
68504
68505
68506
68507
68508
68509
68510
68512
68514
68516
68517
68520
68521
68522
68523
68524
68526
68527
68528
68529
68531
68532
68542
68583
68588
68644
69148
68852
69149
69217
68958
68037
68853
69352
68746
68038
69001
68401
68039
68748
69150
68749
68402
68040
68403
68854
68404
68855
69037
69151
69038
68041
68752
69355
68856
69218
68405
68858
68406
69356
68959
69357
68647
69039
69358
68648
69152
68407
68409
68755
68960
68410
68413
68756
68961
68964
68414
68751
68757
68758
68759
68044
68760
68701
68702
68738
68621
68649
68659
68859
69101
69103
68761
68045
68860
68415
69153
68416
68046
68056
68101
68102
68103
68104
68105
68106
68107
68108
68109
68110
68111
68112
68113
68114
68116
68117
68118
68119
68120
68122
68124
68127
68128
68130
68131
68132
68133
68134
68135
68136
68137
68138
68139
68142
68144
68145
68152
68154
68155
68157
68164
68172
68175
68176
68178
68179
68180
68182
68183
68197
68198
68763
68764
68862
68966
68651
69154
69190
68747
68765
68417
68834
68863
68967
68766
69040
68816
68864
68418
68419
69041
68420
68441
69155
68047
68421
68652
68865
68422
68767
68768
68769
68653
68048
68423
68866
68424
68654
68770
69156
68050
69135
69157
68771
68844
68869
68428
68970
68971
68658
68870
68952
68972
68430
68871
68055
68973
68773
68431
69360
69365
68974
68660
68774
68872
68873
68874
68661
68875
69361
69363
68057
69161
68434
68662
68876
68436
68452
68437
69160
69162
68663
68664
68058
68776
68665
68777
68438
68059
68753
68778
68977
68779
68439
69163
68442
68324
68443
69042
69043
68666
68780
68878
68978
69165
68975
68979
68445
68446
68447
68320
68448
68879
68450
68061
69166
68062
68781
68453
69044
68980
69167
68063
68667
68669
68454
68455
68981
68456
69201
69220
68064
68065
69168
68783
68457
68460
68066
68784
69169
68067
68461
68785
68069
69045
68786
68462
68787
68463
69132
69170
68464
68070
68788
69366
68465
68982
69036
69046
68071
68790
68072
68791
68882
69221
68883
68309
68466
68792
68467
68073
80101
81020
80720
81101
81102
80510
80420
81210
80721
80801
81120
80802
81121
81021
80804
80001
80002
80003
80004
80005
80006
80007
81611
81612
81615
80722
80610
80010
80011
80012
80013
80014
80015
80016
80017
80018
80019
80040
80041
80042
80044
80045
80046
80047
81410
81620
81022
80421
81621
81122
81411
80512
80102
80513
80805
81023
80422
81123
81024
80423
81025
80301
80302
80303
80304
80305
80306
80307
80308
80309
80310
80314
80321
80322
80323
80328
80329
81027
80424
80611
80601
80602
80603
80020
80021
80023
80038
80723
81211
81228
81251
80807
80426
80103
81320
80808
81029
81212
81215
81124
81623
80612
80809
80104
80108
80109
81413
81125
80427
81126
81030
80810
81128
81220
80428
81520
81221
81222
81624
80901
80902
80903
80904
80905
80906
80907
80908
80909
80910
80911
80912
80913
80914
80915
80916
80917
80918
80919
80920
80921
80922
80923
80924
80925
80926
80927
80928
80929
80930
80931
80932
80933
80934
80935
80936
80937
80938
80939
80941
80942
80943
80944
80945
80946
80947
80949
80950
80951
80960
80962
80970
80977
80995
80997
80022
80037
81129
80433
80812
81321
81414
81223
80434
81625
81626
81415
81130
81224
81225
81131
80813
80726
81033
81034
80514
81630
80105
81132
81416
80201
80202
80203
80204
80205
80206
80207
80208
80209
80210
80211
80212
80214
80215
80216
80217
80218
80219
80220
80221
80222
80223
80224
80225
80226
80227
80228
80229
80230
80231
80232
80233
80234
80235
80236
80237
80238
80239
80241
80243
80244
80246
80247
80248
80249
80250
80251
80252
80256
80257
80259
80260
80261
80262
80263
80264
80265
80266
80271
80273
80274
80279
80280
80281
80290
80291
80293
80294
80295
80299
80435
80497
80498
81610
81633
80814
81323
81324
80515
80436
80024
81301
81302
81303
81036
81631
80614
80615
81418
80727
81632
81325
80106
80025
80107
80438
80110
80111
80112
80113
80150
80151
80155
80516
80511
80517
80620
80437
80439
80432
80440
80456
80520
80815
80728
81226
81290
80816
80521
80522
80523
80524
80525
80526
80527
80528
80553
81133
80621
80701
80705
80817
81039
80116
80442
80530
80443
81521
80622
81040
81522
80818
80444
80623
80624
80532
81601
81602
80401
80402
80403
80419
81041
80446
81501
81502
81503
81504
81505
81506
81507
81523
80447
80631
80632
80633
80634
80638
80639
80819
80729
80820
81230
81231
81247
81637
81638
81043
80449
81044
81045
80731
81639
80640
80732
81326
80733
81046
81047
80734
81136
81419
80451
81233
80642
80821
80533
80452
80735
80453
81137
80736
80454
80455
81138
80822
80534
80737
80823
80643
80644
81049
80117
80824
80825
80457
80459
80026
81140
81050
81235
80827
81052
80535
80118
80645
81038
81054
81055
81420
80429
80461
81327
80826
80828
80740
80120
80121
80122
80123
80124
80125
80126
80127
80128
80129
80130
80160
80161
80162
80163
80165
80166
80536
81524
80501
80502
80503
80504
80027
80131
80537
80538
80539
80646
80540
81057
80463
81525
81141
81328
80829
81058
81329
80541
80830
81640
80542
81641
81642
80741
81643
81330
80543
81645
81059
81143
81646
81135
81144
81401
81402
81403
80132
80465
81146
81236
81422
80466
81647
80742
80544
81423
81424
80648
80467
81425
81062
81426
80649
81063
80743
81427
80744
80745
81147
81157
81526
80133
80746
81428
81635
81636
81429
80134
80138
81237
81239
80468
80747
81240
80831
80469
80650
80425
80470
80471
81241
81430
80651
81331
81242
81243
81064
81001
81002
81003
81004
81005
81006
81007
81008
81009
81010
81011
81012
81019
80832
80473
81648
81649
80545
81431
81332
81432
81650
81244
81067
80652
80474
81148
80833
81069
81149
81201
81227
81232
81151
81152
81248
80135
80749
80834
80546
80448
80475
81071
81652
80476
81433
80835
81653
81654
80750
81434
81154
81073
80477
80487
80488
80751
80754
80136
80836
81076
81077
80478
81435
80547
80479
81334
81081
81082
81084
80840
80841
81657
81658
80755
80860
81087
81155
80861
80430
80480
81089
81090
80481
80137
80653
80549
81252
80030
80031
80035
80036
81091
81253
80033
80034
81527
80654
80862
81092
80550
80551
80482
81655
80863
80866
80757
81656
80758
80483
81335
80864
80759
83110
83112
83118
83128
82050
82620
82711
82831
83111
82321
82322
82410
82712
82833
83113
82922
82923
82834
82840
82411
82053
82412
82054
82601
82602
82604
82605
82609
82615
82630
82638
82646
82055
82001
82002
82003
82005
82006
82007
82008
82009
82010
82052
82059
82210
82835
82414
83114
82925
82420
82512
83115
82836
82421
82714
83116
82323
82633
82513
82635
82324
82422
82325
82930
82931
82636
83119
82932
82933
82212
82514
82423
83120
83121
82716
82717
82718
82731
82732
82213
82637
82934
82935
82938
82426
83122
82214
82327
82215
82217
82060
82061
82515
82720
82218
82428
83001
83002
83025
82219
82639
83011
83101
82516
83123
82221
82222
82520
82051
82063
82070
82071
82072
82073
82837
82640
82223
82929
82224
82229
82431
82225
82937
82642
82432
82227
82329
82433
82081
82643
82644
82721
83012
83013
82936
82939
82701
82715
83124
82723
82434
82838
82523
82082
82941
82648
82435
82440
82839
82844
82301
82310
82335
82725
82943
82501
82510
82944
82058
82083
82901
82902
82942
82727
82524
82331
82332
82441
82801
82649
82334
83126
82832
82842
82710
82729
82945
82442
83127
82430
82443
82084
82240
82730
82242
82243
82336
82450
82201
83014
82401
82845
82190
82244
83210
83311
83312
83211
83212
83213
83214
83420
83217
83602
83218
83313
83215
83221
83314
83223
83601
83701
83702
83703
83704
83705
83706
83707
83708
83709
83711
83712
83713
83714
83715
83716
83717
83719
83720
83722
83724
83725
83726
83728
83729
83731
83732
83735
83756
83799
83604
83316
83318
83605
83606
83607
83610
83643
83320
83462
83611
83321
83226
83229
83421
83227
83228
83612
83232
83323
83615
83234
83422
83423
83446
83616
83325
83235
83617
83322
83327
83328
83236
83237
83619
83622
83637
83238
83239
83463
83623
83633
83330
83337
83241
83283
83624
83626
83332
83333
83348
83425
83627
83334
83335
83336
83628
83629
83670
83244
83630
83631
83666
83401
83402
83403
83404
83405
83406
83415
83632
83245
83427
83428
83429
83433
83338
83340
83341
83634
83246
83464
83465
83431
83635
83638
83671
83250
83251
83243
83252
83342
83639
83253
83641
83434
83642
83646
83680
83644
83645
83435
83220
83254
83255
83256
83647
83648
83650
83344
83651
83652
83653
83686
83687
83436
83654
83636
83655
83466
83469
83656
83346
83657
83233
83261
83438
83660
83347
83661
83262
83277
83201
83202
83203
83204
83205
83206
83209
83263
83440
83441
83460
83349
83442
83443
83444
83271
83343
83350
83445
83272
83287
83467
83274
83324
83352
83230
83276
83285
83278
83669
83448
83353
83354
83281
83449
83468
83450
83451
83424
83452
83301
83302
83303
83454
83455
83672
83355
83286
83676
83677
84001
84002
84003
84004
84711
84620
84301
84713
84731
84715
84775
84006
84511
84533
84007
84512
84531
84536
84010
84011
84054
84087
84302
84304
84309
84324
84513
84720
84721
84722
84742
84781
84013
84014
84723
84305
84516
84015
84016
84056
84075
84089
84518
84017
84024
84307
84624
84638
84640
84020
84021
84027
84051
84073
84022
84023
84520
84310
84626
84521
84724
84522
84725
84627
84716
84726
84628
84629
84025
84523
84311
84631
84636
84656
84026
84063
84076
84632
84028
84306
84312
84331
84728
84710
84729
84633
84029
84515
84525
84540
84621
84622
84630
84634
84734
84735
84762
84032
84526
84529
84033
84736
84635
84314
84315
84528
84317
84737
84746
84784
84318
84319
84035
84712
84740
84743
84036
84061
84741
84637
84037
84038
84039
84530
84745
84040
84041
84005
84043
84045
84639
84308
84320
84747
84321
84322
84323
84341
84749
84044
84046
84642
84665
84750
84643
84644
84325
84047
84049
84751
84326
84752
84532
84645
84739
84754
84766
84510
84534
84535
84018
84050
84623
84646
84667
84647
84052
84053
84648
84714
84753
84756
84757
84327
84649
84055
84201
84244
84401
84402
84403
84404
84405
84407
84408
84409
84412
84414
84415
84537
84755
84758
84057
84058
84059
84097
84759
84764
84328
84060
84068
84098
84329
84719
84760
84761
84772
84651
84042
84062
84330
84501
84332
84601
84602
84603
84604
84605
84606
84064
84652
84657
84701
84730
84732
84744
84333
84334
84065
84095
84096
84066
84067
84069
84653
84654
84101
84102
84103
84104
84105
84106
84107
84108
84109
84110
84111
84112
84113
84114
84115
84116
84117
84118
84119
84120
84121
84122
84123
84124
84125
84126
84127
84128
84129
84130
84131
84132
84133
84134
84136
84138
84139
84141
84143
84145
84147
84148
84150
84151
84152
84157
84158
84165
84170
84171
84180
84184
84189
84190
84199
84070
84090
84091
84092
84093
84094
84733
84738
84765
84655
84335
84313
84336
84660
84662
84763
84767
84779
84663
84664
84770
84771
84782
84783
84790
84791
84071
84539
84031
84072
84773
84074
84774
84316
84337
84338
84718
84776
84008
84078
84079
84080
84082
84780
84542
84339
84034
84083
84081
84084
84088
84085
84340
84086
83414
85320
85321
85920
85117
85118
85119
85120
85178
85190
85601
85322
86320
85323
85338
85392
85395
86321
85602
85603
85324
85922
85325
85605
85326
85396
86426
86427
86429
86430
86439
86440
86442
86446
85530
86016
86020
86322
85122
85123
85130
85193
85194
85329
85327
85331
85377
85531
86502
85224
85225
85226
85244
85246
85248
85249
85286
86503
86507
86538
86545
86547
86556
86323
86431
86324
85532
85923
85533
85606
86021
85924
85332
85128
86325
85652
86326
86327
85607
85608
85655
85609
85534
85925
85328
85334
85610
85335
85131
86001
86002
86003
86004
86011
86015
86017
86018
86024
86038
85132
85926
86504
85536
86022
86052
85336
86505
86540
85337
85233
85234
85295
85296
85297
85298
85299
85301
85302
85303
85304
85305
85306
85307
85308
85309
85310
85311
85312
85318
85501
85502
86023
85614
85622
85927
85135
85928
85931
85615
85236
86025
86028
86029
86031
86030
86506
86508
85616
86329
86331
86032
86033
86034
85137
86401
86402
86409
86411
86412
86413
86437
86441
86443
86444
86445
86332
86039
86403
86404
86405
86406
85929
85339
86035
85340
86432
85341
85930
85617
85618
85653
85658
85138
85139
86333
86343
85201
85202
85203
85204
85205
85206
85207
85208
85209
85210
85211
85212
85213
85214
85215
85216
85274
85275
85277
85539
85540
85342
85619
85620
85621
85628
85648
85662
85932
86433
85623
85933
86036
86040
85343
85344
85371
85624
86334
85541
85547
86434
85625
85345
85380
85381
85382
85383
85385
85542
85001
85002
85003
85004
85005
85006
85007
85008
85009
85010
85011
85012
85013
85014
85015
85016
85017
85018
85019
85020
85021
85022
85023
85024
85025
85026
85027
85028
85029
85030
85031
85032
85033
85034
85035
85036
85037
85038
85039
85040
85041
85042
85043
85044
85045
85046
85048
85050
85051
85053
85054
85055
85060
85061
85062
85063
85064
85065
85066
85067
85068
85069
85070
85071
85072
85073
85074
85075
85076
85078
85079
85080
85082
85083
85085
85086
85087
85097
85098
85141
85535
85543
85544
85934
85935
86510
86520
85626
86042
85627
86301
86302
86303
86304
86305
86312
86313
86314
86315
85346
85359
85127
85140
85142
85143
85145
85654
86335
86342
85545
85121
85147
85546
85548
85629
85630
85936
86511
85348
85550
86512
85349
85631
85632
85633
85250
85251
85252
85253
85254
85255
85256
85257
85258
85259
85260
85261
85262
85263
85264
85266
85267
85268
85269
85271
86043
86336
86339
86340
86341
86351
86337
85634
85901
85902
85911
85912
85613
85635
85636
85650
85670
85671
86338
85937
85942
85551
85350
85611
85637
85938
85172
85351
85372
85373
85374
85375
85376
85378
85379
85387
85388
86435
85173
85333
85347
85352
85939
86514
86535
86544
85280
85281
85282
85283
85284
85285
85287
85552
85353
85638
86044
86053
86054
85354
85553
85639
86436
86045
85701
85702
85703
85704
85705
85706
85707
85708
85709
85710
85711
85712
85713
85714
85715
85716
85717
85718
85719
85720
85721
85722
85723
85724
85725
85726
85728
85730
85731
85732
85733
85734
85735
85736
85737
85738
85739
85740
85741
85742
85743
85744
85745
85746
85747
85748
85749
85750
85751
85752
85754
85755
85756
85757
85775
85640
85645
85646
85641
85191
85940
85355
85356
85357
85941
85358
85390
85360
85643
85644
86046
86515
85192
86047
85361
85362
85554
85363
86438
85364
85365
85366
85367
85369
87510
87516
88310
88311
87101
87102
87103
87104
87105
87106
87107
87108
87109
87110
87111
87112
87113
87114
87115
87116
87117
87119
87120
87121
87122
87123
87124
87125
87131
87144
87151
87153
87154
87158
87174
87176
87181
87184
87185
87187
87190
87191
87192
87193
87194
87195
87196
87197
87198
87199
87511
88312
87512
88410
88020
88021
88024
88081
87711
87820
87930
87513
87514
88210
88211
87410
88023
87002
88314
87001
87004
87412
87413
87005
87006
88025
87712
87931
87515
88316
88220
88221
88301
87517
87007
88113
88123
87518
87008
88026
87010
87519
87713
87520
88027
87521
87576
87522
87311
87714
87011
88415
87715
88028
88317
88350
88101
88102
88103
88133
88029
87312
87347
87523
87578
88318
87048
87524
87012
87313
87013
87014
88417
87821
88030
88031
87933
88414
88418
88230
87527
88032
88115
87528
87710
87718
87015
87935
88116
88122
87529
87530
87531
88321
87532
87533
87537
87009
87016
87063
88231
88033
87401
87402
87499
88034
87315
87415
88118
88419
88323
88119
87316
87416
87017
87301
87302
87305
87310
87317
87319
87326
87328
87375
87936
88421
88038
88422
88324
88039
87535
88112
88120
87020
87021
88424
87722
88040
88232
88041
87937
88325
88042
88240
88241
88242
88244
88330
87723
88336
88250
88121
88043
87022
88252
87023
87024
87025
87417
87026
87027
87046
87028
88253
88254
87724
88337
87539
88044
87418
88001
88002
88003
88004
88005
88006
88007
88011
88012
88013
87701
