87745
87823
88338
87029
88255
88426
88009
88045
88055
87544
87545
87031
87551
88256
88260
88262
87824
88427
87032
87825
88263
88264
87728
88339
87548
88124
88340
88046
88047
88048
88072
87730
88125
88049
87731
87939
88265
87732
87035
87056
87070
87733
87036
88051
87018
87037
88430
87419
88431
87038
88341
87734
87549
88052
88342
87040
87552
87041
87072
87083
87553
88126
87042
87068
87554
88343
87827
88344
87043
87828
88114
88130
87045
87829
87556
88054
87736
87321
87357
87557
87740
87558
87322
87830
87560
87940
87742
88056
88132
88201
88202
88203
87538
87562
87743
88345
88355
88346
88347
87941
87831
87832
87564
87047
87034
87049
88411
88434
87565
87566
88058
88348
87051
87567
87501
87502
87503
87504
87505
87506
87507
87508
87509
87540
87592
87594
88435
87052
87044
87053
88436
87569
87420
87455
87461
88022
88036
88053
88061
88062
87801
87746
87729
87747
88008
88063
88349
88134
87525
87571
87580
88213
88267
87573
87574
88135
87323
87365
87575
87059
88351
87320
87325
87364
87060
87061
88439
87577
87901
88401
88416
88433
88352
88065
87749
87543
87579
87581
88353
87062
87582
87583
87735
87752
87421
87750
87753
88354
88268
87942
87943
88136
87064
87327
79821
96101
96103
96140
96104
96105
96106
96107
96108
96109
96110
96111
96112
96113
96141
96142
96114
96136
96143
96115
96116
96117
96118
96119
96120
96121
96122
96129
96123
96132
96124
96125
96126
96150
96151
96152
96154
96155
96156
96157
96158
96128
96127
96130
96145
96146
96148
96133
96160
96161
96162
96134
96135
96137
89001
89017
89020
89310
89311
89820
89003
89004
89005
89006
89007
89008
89821
89822
89701
89702
89703
89704
89705
89706
89711
89712
89713
89714
89721
89402
89450
89451
89452
89403
89823
89404
89010
89801
89802
89803
89815
89828
89301
89314
89315
89405
89316
89406
89407
89496
89408
89409
89410
89460
89411
89412
89413
89414
89013
89415
89002
89009
89011
89012
89014
89015
89016
89044
89052
89053
89074
89077
89418
89018
89070
89825
89826
89019
89026
88901
88905
89054
89101
89102
89103
89104
89105
89106
89107
89108
89109
89110
89111
89112
89113
89114
89115
89116
89117
89118
89119
89120
89121
89122
89123
89124
89125
89126
89127
89128
89129
89130
89131
89132
89133
89134
89135
89136
89137
89138
89139
89140
89141
89142
89143
89144
89145
89146
89147
89148
89149
89150
89151
89152
89153
89154
89155
89156
89157
89158
89159
89160
89161
89162
89163
89164
89165
89166
89169
89170
89173
89177
89178
89179
89180
89183
89185
89191
89193
89195
89199
89028
89029
89021
89419
89317
89420
89421
89318
89022
89023
89024
89027
89034
89422
89423
89025
89037
89067
89830
89831
89424
89030
89031
89032
89033
89036
89081
89084
89085
89086
89087
89425
89040
89832
89041
89048
89060
89061
89042
89426
89043
89501
89502
89503
89504
89505
89506
89507
89508
89509
89510
89511
89512
89513
89515
89519
89520
89521
89523
89533
89555
89557
89570
89595
89599
89045
89319
89427
89039
89046
89428
89047
89429
89430
89431
89432
89433
89434
89435
89436
89441
89049
89834
89438
89439
89440
89442
89444
89833
89835
89883
89445
89446
89447
89448
89449
97810
97620
97901
97406
97321
97322
97407
97324
97409
97101
97001
97812
97861
97902
97520
97711
97103
97813
97325
97002
97410
97814
97411
97106
97109
97125
97621
97004
97005
97006
97007
97008
97075
97076
97077
97701
97702
97707
97708
97709
97326
97413
97622
97818
97623
97009
97089
97010
97011
97414
97415
97712
97327
97710
97720
97721
97722
97736
97522
97730
97013
97102
97110
97145
97820
97417
97111
97014
97329
97523
97531
97731
97419
97624
97639
97015
97086
97016
97108
97112
97149
97017
97018
97823
97420
97423
97019
97113
97330
97331
97333
97339
97424
97824
97335
97732
97336
97733
97426
97734
97338
97429
97114
97825
97430
97341
97342
97431
97432
97020
97434
97435
97904
97021
97115
97905
97022
97524
97826
97343
97827
97436
97437
97828
97023
97401
97402
97403
97404
97405
97408
97412
97440
97455
97024
97344
97439
97116
97117
97626
97735
97830
97345
97441
97118
97119
97026
97737
97027
97442
97443
97444
97525
97028
97347
97526
97527
97528
97543
97029
97030
97080
97833
97834
97348
97121
97906
97446
97122
97835
97836
97839
97837
97838
97123
97124
97738
97031
97032
97907
97350
97447
97841
97876
97842
97351
97843
97844
97530
97909
97352
97819
97845
97910
97846
97448
97911
97917
97627
97033
97848
97601
97602
97603
97604
97625
97127
97850
97034
97035
97449
97630
97637
97450
97739
97355
97367
97388
97856
97451
97857
97438
97452
97358
97384
97128
97741
97632
97130
97453
97454
97036
97037
97501
97502
97503
97504
97532
97633
97634
97346
97360
97862
97750
97038
97361
97456
97864
97039
97040
97362
97041
97865
97042
97533
97457
97458
97131
97364
97132
97635
97365
97366
97369
97459
97133
97867
97461
97913
97462
97463
97534
97134
97044
97914
97464
97045
97368
97840
97135
97636
97751
97801
97859
97370
97535
97868
97201
97202
97203
97204
97205
97206
97207
97208
97209
97210
97211
97212
97213
97214
97215
97216
97217
97218
97219
97220
97221
97222
97223
97224
97225
97227
97228
97229
97230
97231
97232
97233
97236
97238
97239
97240
97242
97256
97258
97266
97267
97268
97269
97280
97281
97282
97283
97286
97290
97291
97292
97293
97294
97296
97298
97465
97752
97753
97466
97817
97869
97754
97536
97048
97756
97467
97049
97870
97371
97469
97758
97136
97537
97470
97471
97050
97373
97051
97053
97054
97137
97301
97302
97303
97304
97305
97306
97307
97308
97309
97310
97311
97312
97314
97317
97055
97056
97374
97473
97375
97138
97538
97873
97539
97057
97377
97378
97140
97357
97380
97638
97641
97381
97759
97476
97874
97477
97478
97875
97383
97385
97640
97877
97479
97386
97480
97540
97389
97481
97760
97058
97390
97107
97141
97143
97484
97144
97391
97541
97060
97062
97392
97063
97880
97882
97486
97883
97884
97903
97908
97918
97487
97064
97488
97376
97394
97885
97489
97490
97761
97146
97065
97491
97067
97920
97492
97493
97068
97886
97147
97494
97396
97544
97070
97495
97416
97496
97497
97071
97498
97148
97499
98601
98602
98603
98604
98605
98606
98607
98609
98610
98611
98612
98614
98616
98617
98619
98613
98620
98622
98623
98624
98625
98626
98628
98670
98629
98631
98637
98632
98635
98638
98639
98640
98641
98642
98621
98643
98644
98647
98648
98645
98649
98650
98651
98660
98661
98662
98663
98664
98665
98666
98668
98682
98683
98684
98685
98686
98687
98671
98672
98673
98674
98675
83520
83801
83802
83803
83804
83805
83806
83808
83810
83811
83813
83814
83815
83816
83821
83522
83533
83523
83524
83548
83823
83824
83825
83826
83525
83827
83526
83812
83830
83832
83530
83531
83833
83842
83834
83835
83836
83535
83536
83837
83537
83839
83539
83841
83540
83541
83501
83542
83843
83844
83845
83846
83847
83865
83543
83848
83544
83849
83545
83546
83850
83851
83547
83840
83852
83853
83854
83877
83855
83822
83856
83857
83858
83549
83809
83860
83861
83864
83866
83867
83868
83869
83552
83870
83871
83872
83873
83874
83553
83554
83555
83876
98520
98220
99101
98522
99001
99102
98524
99103
98526
98221
98222
99401
98811
98223
98304
99402
98001
98002
98003
98023
98047
98063
98071
98092
98093
98224
98527
98305
98528
98004
98005
98006
98007
98008
98009
98015
98225
98226
98227
98228
98229
99320
99321
99322
98010
98230
98231
98011
98012
98021
98028
98041
98082
98232
98310
98311
98312
98314
98337
98812
98813
98320
98920
98321
98530
98921
99323
98322
98233
98323
98324
98814
98014
98815
98531
99003
98532
98816
98817
99004
99109
98325
98533
98326
99403
99110
98235
98922
98236
99005
99111
99324
99113
99114
98819
98237
99326
98238
98535
98536
98537
99115
99116
98239
98923
99117
99147
99118
98538
99119
98240
99121
98241
99122
99328
98243
99006
98244
99329
98539
98821
98303
98327
98019
98540
98925
98245
98328
98020
98026
99008
98330
99123
99009
98926
98950
98541
99124
99330
99125
98822
98022
98823
98542
98201
98203
98204
98205
98206
98207
98208
98213
98247
98276
99011
99012
98024
99104
99128
98248
99013
98331
99014
98333
98249
98250
98544
99130
99131
98329
98332
98335
98336
98251
98338
99133
98930
98932
98252
98546
98547
99016
98253
98255
98340
98933
99134
99154
99135
98025
98548
99333
98550
98552
99129
99137
99138
98256
98342
99139
98027
98029
98075
98343
99335
98344
99140
99336
99337
99338
98030
98031
98032
98035
98042
98064
98089
99107
99126
99141
99160
98345
98346
98033
98034
98083
98934
98257
99105
99136
99143
98348
98349
98351
98258
98259
98260
98350
99018
99146
98826
98554
99019
98555
99341
98556
98827
99148
98261
98262
98263
98264
98036
98037
98046
98087
98557
98558
98935
98828
99149
99150
98559
98829
98353
98830
98831
98266
98038
98267
99151
98832
99020
98270
98271
98560
99021
99022
98039
98561
98040
99343
99152
99153
98834
98354
98355
98562
98836
98272
98563
98356
98837
98564
98043
98273
98274
98936
98275
98937
98565
98357
98566
99155
99025
99156
99026
99034
98358
98045
99157
99158
98277
98278
98568
98569
99144
99159
98840
98359
98279
98501
98502
98503
98504
98505
98506
98507
98508
98509
98511
98512
98513
98516
98599
98841
98570
98280
98843
98844
98360
99344
99349
99027
98938
98571
98361
98845
99161
98939
99301
99302
98846
99345
98572
98847
99346
98281
99347
98362
98363
98364
98339
98365
98366
98367
98378
98368
98370
99348
98050
99350
99163
99164
98371
98372
98373
98374
98375
98376
98824
98848
98575
98576
98377
98051
98577
99029
98052
98053
98073
98074
98055
98056
98057
98058
98059
99166
99167
99352
99353
99354
99169
98849
98579
99030
98850
98283
98061
98940
99356
99170
98941
98580
99357
98581
99171
99176
98582
98583
98380
98062
98101
98102
98103
98104
98105
98106
98107
98108
98109
98110
98111
98112
98113
98114
98115
98116
98117
98118
98119
98121
98122
98124
98125
98126
98127
98129
98131
98132
98133
98134
98136
98138
98139
98141
98144
98145
98146
98148
98154
98155
98158
98160
98161
98164
98165
98166
98168
98170
98174
98175
98177
98178
98181
98185
98188
98189
98190
98191
98194
98195
98198
98199
98284
98381
98942
98382
98286
98584
98287
98585
98315
98383
98288
98290
98291
98296
98065
98068
98851
98586
98943
98384
98385
98386
98387
99031
99201
99202
99203
99204
99205
99206
99207
99208
99209
99210
99211
99212
99213
99214
99215
99216
99217
99218
99219
99220
99223
99224
99228
99251
99252
99256
99258
99260
99299
99017
99032
99173
98282
98292
99359
98293
98852
99174
98853
98294
98295
98352
98390
98391
98944
98392
98388
98397
98398
98401
98402
98403
98404
98405
98406
98407
98408
98409
98411
98412
98413
98415
98416
98417
98418
98419
98421
98422
98424
98430
98431
98433
98438
98439
98443
98444
98445
98446
98447
98448
98464
98465
98466
98467
98471
98481
98490
98493
98496
98497
98498
98499
98587
98588
99033
98589
98946
98947
98590
98591
98855
98948
99360
98393
98856
98592
99179
99180
98593
99181
99023
99036
98013
98070
98394
99037
99361
98297
99362
99363
98951
98857
99371
98858
98859
98395
99039
99040
98801
98802
98807
98595
98952
99185
98396
98860
98596
98833
98862
98072
98077
98901
98902
98903
98904
98907
98908
98909
98597
98953
99551
99552
99553
99554
99555
99720
99786
99721
99501
99502
99503
99504
99505
99506
99507
99508
99509
99510
99511
99513
99514
99515
99516
99517
99518
99519
99520
99521
99522
99523
99524
99529
99530
99540
99599
99695
99556
99820
99557
99558
99722
99723
99734
99759
99789
99791
99724
99559
99637
99679
99680
99690
99726
99785
99727
99729
99730
99561
99563
99732
99548
99564
99565
99566
99567
99733
99568
99569
99546
99571
99572
99573
99574
99677
99921
99575
99736
99731
99737
99576
99738
99577
99578
99579
99580
99825
99739
99581
99666
99725
99701
99702
99703
99705
99706
99707
99708
99709
99710
99711
99712
99714
99716
99767
99775
99790
99583
99585
99740
99788
99586
99741
99742
99587
99693
99588
99589
99590
99826
99827
99743
99755
99602
99603
99829
99604
99605
99745
99746
99922
99923
99606
99647
99801
99802
99803
99811
99812
99821
99824
99850
99830
99747
99607
99748
99608
99609
99610
99611
99635
99901
99903
99918
99919
99950
99749
99612
99549
99613
99614
99750
99925
99751
99615
99619
99697
99620
99752
99753
99754
99621
99545
99622
99757
99624
99625
99626
99627
99675
99691
99756
99628
99630
99926
99758
99631
99632
99633
99634
99704
99744
99760
99636
99638
99639
99761
99762
99640
99763
99764
99765
99641
99643
99644
99645
99832
99648
99833
99649
99650
99651
99927
99766
99653
99550
99655
99656
99768
99657
99658
99659
99591
99660
99661
99769
99662
99770
99663
99664
99665
99771
99772
99773
99835
99836
99840
99667
99668
99669
99670
99671
99672
99774
99674
99676
99777
99778
99841
99678
99776
99780
99681
99682
99684
99547
99685
99692
99686
99781
99782
99783
99928
99623
99629
99652
99654
99687
99694
99784
99683
99688
99929
99689
90201
90202
90270
90209
90210
90211
90212
90213
90220
90221
90222
90223
90224
90230
90231
90232
90233
90239
90240
90241
90242
90245
90247
90248
90249
90250
90251
90255
90301
90302
90303
90304
90305
90306
90307
90308
90309
90310
90311
90312
90260
90261
90001
90002
90003
90004
90005
90006
90007
90008
90009
90010
90011
90012
90013
90014
90015
90016
90017
90018
90019
90020
90021
90022
90023
90024
90025
90026
90027
90028
90029
90030
90031
90032
90033
90034
90035
90036
90037
90038
90039
90040
90041
90042
90043
90044
90045
90046
90047
90048
90049
90050
90051
90052
90053
90054
90055
90056
90057
90058
90059
90060
90061
90062
90063
90064
90065
90066
90067
90068
90069
90070
90071
90072
90073
90074
90075
90076
90077
90078
90079
90080
90081
90082
90083
90084
90086
90087
90088
90089
90090
90091
90093
90094
90095
90096
90099
90101
90103
90189
90262
90263
90264
90265
90266
90267
90272
90274
90275
90254
90277
90278
90401
90402
90403
90404
90405
90406
90407
90408
90409
90410
90411
90280
90290
90291
90292
90293
90294
90295
90296
93510
91301
91376
91377
93201
91001
91003
91006
91007
91066
91077
93202
93420
93421
93203
93422
93423
93204
93424
93301
93302
93303
93304
93305
93306
93307
93308
93309
93311
93312
93313
93314
93380
93383
93384
93385
93386
93387
93388
93389
93390
93513
93512
93514
93515
93205
93516
93596
93426
93517
93427
91501
91502
91503
91504
91505
91506
91507
91508
91510
91521
91522
91523
91526
93206
93518
93207
93010
93011
93012
93428
93435
91303
91304
91305
91306
91307
91308
91309
91396
93013
93014
93429
93430
91311
91313
93210
93212
93282
93432
93522
93215
93216
91008
91009
91010
93218
93219
93220
93523
93524
93221
93223
93224
93015
93016
93222
93225
91201
91202
91203
91204
91205
91206
91207
91208
91209
91210
91214
91221
91222
91224
91225
91226
93226
93227
93433
93483
93434
93230
93232
93234
93526
93527
93542
93235
93528
93554
93558
93529
93530
93531
93238
93239
91011
91012
91023
93532
93240
93241
93534
93535
93536
93539
93584
93586
93242
93243
93541
93244
93245
93246
93247
93543
93544
93436
93437
93438
93545
93440
93441
93249
93250
93251
93546
93252
93501
93502
93504
93505
93519
91016
91017
91020
91021
93020
93021
93442
93443
93254
93444
91601
91602
91603
91604
91605
91606
91607
91608
91609
91610
91611
91612
91614
91615
91616
91617
91618
91324
91325
91326
91327
91328
91329
91330
93022
93445
93475
93023
93024
93549
93255
93030
93031
93032
93033
93034
93035
93036
91331
91333
91334
93550
93551
93552
93590
93591
93599
91101
91102
91103
91104
91105
91106
91107
91108
91109
91110
91114
91115
91116
91117
91118
91121
91123
91124
91125
91126
91129
91182
91184
91185
91188
91189
91199
93446
93447
93553
93563
93040
93448
93449
93256
93257
93258
93041
93042
93043
93044
93260
91335
91337
93261
93555
93556
93560
93450
91340
91341
91342
91343
91344
91345
91346
91392
91393
91394
91395
93401
93402
93403
93405
93406
93407
93408
93409
93410
93412
93451
93452
93101
93102
93103
93105
93106
93107
93108
93109
93110
93111
93116
93117
93118
93120
93121
93130
93140
93150
93160
93190
93199
91310
91321
91322
91350
91351
91354
91355
91380
91381
91382
91383
91384
91385
91386
91387
91390
93453
93454
93455
93456
93457
93458
93060
93061
93460
93262
93263
93461
91024
91025
93062
93063
93064
93065
93094
93099
93463
93464
93066
91030
91031
93208
93265
93266
93267
93067
91040
91041
91352
91353
93268
91356
91357
93561
93581
93465
93270
91319
91320
91358
91359
91360
91361
91362
93237
93271
93272
93562
93592
91042
91043
93274
93275
93276
91316
91401
91402
91403
91404
91405
91406
91407
91408
91409
91410
91411
91412
91413
91416
91423
91426
91436
91470
91482
91495
91496
91499
93001
93002
93003
93004
93005
93006
93007
93009
91046
93277
93278
93279
93290
93291
93292
93280
93283
93285
93286
91302
91364
91365
91367
91371
91372
93287
92301
92536
91901
91903
92304
92305
92539
92307
92308
92309
92364
92366
92220
92222
92310
92311
92312
92223
92314
92386
92315
92316
92317
92225
92226
92280
91902
91908
92003
92004
91905
92227
92318
92230
92282
92231
92232
92320
92233
91906
92008
92009
92010
92011
92013
92018
92234
92235
92321
91909
91910
91911
91912
91913
91914
91915
91921
92323
92236
92313
92324
92322
92325
92326
92327
92328
92014
91916
92239
92240
92241
91917
92242
92019
92020
92021
92022
92243
92244
92007
92023
92024
92025
92026
92027
92029
92030
92033
92046
92332
92028
92088
92333
92331
92334
92335
92336
92337
92339
92249
92342
92543
92544
92545
92546
92340
92344
92345
92346
92347
92250
92548
92549
92251
91932
91933
92201
92202
92203
91934
91935
92252
92036
92037
92038
92039
92092
92093
92352
92530
92531
92532
92040
91941
91942
91943
91944
92247
92248
92253
91945
91946
92350
92354
92357
92356
92358
92254
92359
92551
92552
92553
92554
92555
92556
92557
92256
92561
91948
92562
92563
92564
91947
91950
91951
92363
92338
92365
92257
92258
92567
92049
92051
92052
92054
92055
92056
92057
92058
92068
92259
92368
92210
92211
92255
92260
92261
92262
92263
92264
92060
92266
92267
92369
92059
92061
92570
92571
92572
92599
92329
92371
91931
91962
92372
92268
91963
92064
92074
92065
92270
92067
92091
92373
92374
92375
92376
92377
92378
92501
92502
92503
92504
92505
92506
92507
92508
92509
92513
92514
92515
92516
92517
92518
92519
92521
92522
92341
92382
92401
92402
92403
92404
92405
92406
92407
92408
92410
92411
92412
92413
92414
92415
92418
92423
92424
92427
92101
92102
92103
92104
92105
92106
92107
92108
92109
92110
92111
92112
92113
92114
92115
92116
92117
92118
92119
92120
92121
92122
92123
92124
92126
92127
92128
92129
92130
92131
92132
92134
92135
92136
92137
92138
92139
92140
92142
92143
92145
92147
92149
92150
92152
92153
92154
92155
92158
92159
92160
92161
92162
92163
92164
92165
92166
92167
92168
92169
92170
92171
92172
92173
92174
92175
92176
92177
92178
92179
92182
92184
92186
92187
92190
92191
92192
92193
92195
92196
92197
92198
92199
92581
92582
92583
92069
92078
92079
92096
92070
92071
92072
92273
92384
92385
92075
91976
91977
91978
91979
92584
92585
92586
92587
91980
91987
92389
92589
92590
92591
92592
92593
92274
92275
92276
92277
92278
92391
92082
92392
92393
92394
92395
92081
92083
92084
92085
92066
92086
92281
92595
92596
92283
92397
92398
92399
92284
92285
92286
91714
91715
91716
91801
91802
91803
91804
91896
91899
92801
92802
92803
92804
92805
92806
92807
92808
92809
92812
92814
92815
92816
92817
92825
92850
92899
90701
90702
90703
92811
90704
91702
91706
90706
90707
92821
92822
92823
90620
90621
90622
90623
90624
91708
91710
91709
91711
92877
92878
92879
92880
92881
92882
92883
92625
92626
92627
92628
91722
91723
91724
90630
92624
92629
91731
91732
91733
91734
91735
92609
92630
92831
92832
92833
92834
92835
92836
92837
92838
92840
92841
92842
92843
92844
92845
92846
91740
91741
91743
90710
92605
92615
92646
92647
92648
92649
92602
92603
92604
92606
92612
92614
92616
92617
92618
92619
92620
92623
92650
92697
92607
92637
92651
92652
92653
92654
92656
92677
92698
90631
90632
90633
90711
90712
90713
90714
90715
90716
90637
90638
90639
91744
91745
91746
91747
91748
91749
91750
90717
90745
90746
90747
90749
90755
90801
90802
90803
90804
90805
90806
90807
90808
90809
90810
90813
90814
90815
90822
90831
90832
90833
90834
90835
90840
90842
90844
90846
90847
90848
90853
90895
90899
90720
90721
91752
91763
90640
91754
91755
91756
91759
92657
92658
92659
92660
92661
92662
92663
92860
90650
90651
90652
91758
91761
91762
91764
92856
92857
92859
92861
92862
92863
92864
92865
92866
92867
92868
92869
90723
90660
90661
90662
92870
92871
91765
91766
91767
91768
91769
91701
91729
91730
91737
91739
91770
91771
91772
92672
92673
92674
91773
91775
91776
91778
92675
92690
92691
92692
92693
92694
90731
90732
90733
90734
92701
92702
92703
92704
92705
92706
92707
92708
92711
92712
92725
92728
92735
92799
90670
90671
90740
92676
90680
90742
90743
91780
90501
90502
90503
90504
90505
90506
90507
90508
90509
90510
92610
92678
92679
92688
92780
92781
92782
91784
91785
91786
91788
91789
91795
91790
91791
91792
91793
92655
92683
92684
92685
90601
90602
90603
90604
90605
90606
90607
90608
90609
90610
90744
90748
92885
92886
92887
95410
95511
95412
95518
95519
95521
95524
94002
94920
95514
95525
94922
94923
94924
95415
95416
95526
94005
94010
94011
95527
95419
95528
95421
95422
95423
95424
95425
95426
95427
94925
94976
94926
94927
94928
94931
95428
95531
95532
95538
94014
94015
94016
94017
94929
95430
95431
94018
95432
95433
95501
95502
95503
95534
94930
94978
95536
95537
95435
94933
95436
95420
95437
95488
95540
95439
95542
95543
95441
95442
95443
95444
95445
95497
95446
95471
94019
95448
95545
95546
95449
95547
94937
95450
95451
95452
95548
95549
95550
94938
94020
95453
94939
94977
95417
95454
95585
95456
95551
94021
94022
94023
94024
95457
95458
95552
95459
94940
95460
94025
94026
94027
94028
95461
95467
94030
94941
94942
95553
94037
95462
94038
94035
94039
94040
94041
94042
94043
95554
94946
95464
94945
94947
94948
94949
94998
95465
94950
95555
95556
95568
94044
94301
94302
94303
94304
94305
94306
94309
94951
94060
94952
94953
94954
94955
94975
94999
95558
95559
95463
95466
95587
95468
94956
95469
95569
95560
94061
94062
94063
94064
94065
95470
95562
94957
95563
95564
94960
94979
94066
94070
94102
94103
94104
94105
94107
94108
94109
94110
94111
94112
94114
94115
94116
94117
94118
94119
94120
94121
94122
94123
94124
94125
94126
94127
94128
94129
94130
94131
94132
94133
94134
94137
94139
94140
94141
94142
94143
94144
94145
94146
94147
94151
94153
94154
94156
94158
94159
94160
94161
94162
94163
94164
94171
94172
94177
94188
94963
94074
94401
94402
94403
94404
94497
94964
94974
94901
94903
94904
94912
94913
94914
94915
95401
95402
95403
95404
95405
95406
95407
95409
94965
94966
95565
95472
95473
95567
95476
94080
94083
95480
94970
94085
94086
94087
94088
94089
95481
94971
95570
95418
95482
95485
95493
94972
95486
95487
95571
95589
95429
95490
95573
95492
94973
95494
95595
94501
94502
94507
95002
94508
94576
94509
94531
95001
95003
95004
94510
95005
94701
94702
94703
94704
94705
94706
94707
94708
94709
94710
94712
94720
94511
93920
94512
95006
94513
95007
94505
94514
94515
95008
95009
95011
94516
95010
93921
93922
93923
93924
95012
93925
94517
94518
94519
94520
94521
94522
94523
94524
94527
94529
94525
95014
95015
94506
94526
95017
94528
94530
94533
94534
94535
95018
95019
94536
94537
94538
94539
94555
95020
95021
93926
93927
94540
94541
94542
94543
94544
94545
94546
94552
94557
95023
95024
93928
93930
94548
94549
94550
94551
93932
95030
95031
95032
95033
93933
94553
95035
95036
93940
93942
93943
93944
94556
94570
94575
95037
95038
95039
95041
94558
94559
94581
95042
94560
94601
94602
94603
94604
94605
94606
94607
94608
94609
94610
94611
94612
94613
94614
94615
94617
94618
94619
94620
94621
94622
94623
94624
94649
94659
94660
94661
94662
94666
94561
94562
94563
93950
95043
93953
94564
94565
94566
94568
94588
94567
94569
95026
95044
94801
94802
94803
94804
94805
94806
94807
94808
94820
94850
94571
94547
94572
94573
94574
93901
93902
93905
93906
93907
93908
93912
93915
93962
95013
95101
95103
95106
95108
95109
95110
95111
95112
95113
95115
95116
95117
95118
95119
95120
95121
95122
95123
95124
95125
95126
95127
95128
95129
95130
95131
95132
95133
95134
95135
95136
95138
95139
95140
95141
95148
95150
95151
95152
95153
95154
95155
95156
95157
95158
95159
95160
95161
95164
95170
95172
95173
95190
95191
95192
95193
95194
95196
95045
94577
94578
94579
94580
93954
95046
94582
94583
95050
95051
95052
95053
95054
95055
95056
95060
95061
95062
95063
95064
95065
95066
95067
95070
95071
93955
93960
95073
94585
94586
95075
94587
94503
94589
94590
94591
94592
94595
94596
94597
94598
95076
95077
94599
95220
96006
93601
95910
95701
95715
95601
96007
95221
95222
95703
95912
95223
95913
95301
93602
95602
95603
95604
95224
95303
95914
93604
93669
96008
95916
96009
96010
96011
93605
95917
95305
93606
95606
95918
95919
96013
95225
95920
96014
95709
95922
96015
93608
95923
95608
95609
93609
96016
96017
95306
95924
96019
96079
96089
95307
95925
96020
95712
95926
95927
95928
95929
95973
95976
95309
93610
95610
95611
95621
95612
95227
95930
95981
93611
93612
93613
93619
93614
95713
95613
95310
95932
95614
95228
96021
96029
96022
95311
95615
95934
95312
95313
93615
95616
95617
95618
95315
93616
95316
95619
93618
95620
95935
96023
93620
96024
95936
93621
95937
96025
95938
95958
95714
95623
95939
95624
95757
95758
95759
95625
95317
95318
95626
95319
95320
95607
95627
96027
95628
96028
95230
95629
93622
93623
93624
95630
95671
95762
95763
95941
95631
95942
96031
96032
93625
95231
96033
93650
93701
93702
93703
93704
93705
93706
93707
93708
93709
93710
93711
93712
93714
93715
93716
93717
93718
93720
93721
93722
93723
93724
93725
93726
93727
93728
93729
93730
93737
93740
93741
93744
93745
93747
93750
93755
93760
93761
93764
93765
93771
93772
93773
93774
93775
93776
93777
93778
93779
93786
93790
93791
93792
93793
93794
93844
93888
93626
95632
95633
96034
95634
96035
95232
95943
95717
95944
95945
95949
96037
95947
95635
96038
95948
95950
95636
95321
95637
95679
95322
95951
96039
96040
95233
96041
93627
95638
95323
95324
95234
95639
96044
95325
95326
96046
96047
95640
95641
95642
95654
95327
96048
93630
95328
93631
96050
95645
95720
95329
96051
96070
95330
95333
96052
95648
95236
95953
95334
95237
95240
95241
95242
95335
96054
95650
93635
96055
95651
96056
96057
96058
93636
93637
93638
93639
95653
95954
95336
95337
96059
95338
95901
95903
95955
95956
95722
93640
95340
95341
95343
95344
95348
95957
95345
96062
96061
96063
93603
93628
93633
93641
95346
95347
95350
95351
95352
95353
95354
95355
95356
95357
95358
95397
95245
96064
96065
95246
96067
95656
95675
95229
95247
95959
95658
95360
95659
93643
95652
95660
95960
96068
95361
93644
96069
96071
95961
93645
93646
93675
95662
95962
95963
93647
95915
95940
95965
95966
95980
95968
96073
95967
95969
93648
96074
95363
95663
93649
95664
95364
95375
95665
95644
95646
95666
95667
95365
96076
95668
95669
95726
93651
95970
96078
95971
95972
95248
93652
95655
95670
95741
95742
93653
96075
96080
96001
96002
96003
96049
96099
93654
95672
95974
95673
95674
95366
95367
93607
93656
95676
95677
95765
95661
95678
95746
95747
95946
95975
96084
95680
94203
94204
94205
94206
94207
94208
94209
94211
94229
94230
94232
94234
94235
94236
94237
94239
94240
94244
94245
94246
94247
94248
94249
94250
94252
94254
94256
94257
94258
94259
94261
94262
94263
94267
94268
94269
94271
94273
94274
94277
94278
94279
94280
94282
94283
94284
94285
94286
94287
94288
94289
94290
94291
94293
94294
94295
94296
94297
94298
94299
95811
95812
95813
95814
95815
95816
95817
95818
95819
95820
95821
95822
95823
95824
95825
95826
95827
95828
95829
95830
95831
95832
95833
95834
95835
95836
95837
95838
95840
95841
95842
95843
95851
95852
95853
95860
95864
95865
95866
95867
95887
95894
95899
95368
95249
93657
93660
93661
96085
96086
93662
96087
96095
93634
93642
93664
95681
95682
96088
95683
95977
95369
95724
95728
95684
95370
95373
95372
93665
95374
95978
95201
95202
95203
95204
95205
95206
95207
95208
95209
95210
95211
95212
95213
95215
95219
95267
95269
95296
95297
95979
93666
95982
95685
95699
95983
96090
95686
93667
95304
95376
95377
95378
95385
95391
93668
93673
96091
95379
95380
95381
95382
95984
95383
95721
95735
95687
95688
95696
95251
95226
95252
95253
96092
95689
95254
95690
95986
95386
96093
96094
95736
95387
95255
95605
95691
95798
95799
95692
96096
95987
95988
95257
95693
95694
95388
95258
95695
95776
93670
95697
95389
96097
95991
95992
95993
95698
96910
96912
96913
96915
96916
96917
96919
96921
96923
96928
96929
96931
96932
96701
96861
96703
96751
96704
96737
96705
96706
96708
96710
96712
96713
96714
96716
96717
96718
96719
96720
96721
96725
96726
96727
96801
96802
96803
96804
96805
96806
96807
96808
96809
96810
96811
96812
96813
96814
96815
96816
96817
96818
96819
96820
96821
96822
96823
96824
96825
96826
96828
96830
96836
96837
96838
96839
96840
96841
96843
96844
96846
96847
96848
96849
96850
96853
96858
96859
96860
96898
96728
96729
96730
96731
96732
96733
96734
96863
96739
96740
96745
96741
96742
96738
96743
96744
96746
96755
96747
96748
96749
96750
96752
96753
96722
96754
96756
96757
96790
96759
96760
96761
96767
96762
96763
96764
96773
96774
96765
96715
96766
96768
96788
96769
96770
96771
96772
96776
96777
96778
96779
96780
96781
96782
96783
96784
96785
96786
96789
96854
96857
96791
96792
96793
96795
96796
96707
96709
96797
96799
96939
96940
96944
96941
96942
96943
96951
96950
96952
96970
96960
32615
32616
32420
32421
32617
32320
32329
32618
32422
32530
32531
32423
32619
34420
34421
32424
32425
32007
32008
32321
32621
32622
32009
32011
32426
32533
32322
32323
32427
32625
32535
32324
32626
32644
32428
32430
32431
32326
32327
32536
32537
32539
32628
34423
34428
34429
32432
32013
32433
32434
32435
32540
32541
32550
34430
34431
34432
34433
34434
32631
32328
32437
32542
32033
32633
32634
32034
32035
34436
32547
32548
32549
32038
32438
32439
32601
32602
32603
32604
32605
32606
32607
32608
32609
32610
32611
32612
32613
32614
32627
32635
32641
32653
32040
32560
32440
32042
32442
32043
32330
32331
32443
32332
32561
32562
32563
32566
32639
32044
32333
32640
34442
32643
32655
32046
34445
32564
34487
34446
34447
34448
32648
32334
32335
34449
34450
34451
34452
34453
32654
32099
32201
32202
32203
32204
32205
32206
32207
32208
32209
32210
32211
32212
32214
32215
32216
32217
32218
32219
32220
32221
32222
32223
32224
32225
32226
32227
32228
32229
32230
32231
32232
32233
32234
32235
32236
32237
32238
32239
32240
32241
32244
32245
32246
32247
32250
32254
32255
32256
32257
32258
32259
32260
32266
32277
32052
32565
32053
32656
32658
32054
32061
32024
32025
32055
32056
32336
32538
32567
32058
34460
34461
34464
34465
32059
32060
32064
32337
32662
32663
32444
32062
32568
32664
32063
32340
32341
32445
32446
32447
32448
32544
32569
32066
32666
32667
32050
32068
32343
32570
32571
32572
32583
32577
32344
32345
32668
32669
32578
32588
32452
32071
34470
34471
34472
34473
34474
34475
34476
34477
34478
34479
34480
34481
34482
34483
32680
32681
32003
32006
32030
32065
32067
32073
32683
34484
32346
32401
32402
32403
32404
32405
32406
32407
32408
32409
32411
32412
32413
32417
32461
32079
32501
32502
32503
32504
32505
32506
32507
32508
32509
32511
32512
32513
32514
32516
32520
32521
32522
32523
32524
32526
32534
32559
32590
32591
32592
32347
32348
32350
32455
32004
32081
32082
32410
32456
32457
32351
32352
32353
32026
32083
32686
32080
32084
32085
32086
32092
32095
32355
32356
32072
32087
32459
32357
32579
34488
34489
32460
32358
32091
32359
34491
34492
32692
32301
32302
32303
32304
32305
32306
32307
32308
32309
32310
32311
32312
32313
32314
32315
32316
32317
32318
32395
32399
32360
32693
32580
32462
32361
32694
32463
32094
32464
32449
32465
32096
32696
32362
32697
34498
32466
32041
32097
31001
31620
31002
30410
30411
31622
31701
31702
31703
31704
31705
31706
31707
31708
31721
31301
31003
31510
30412
31512
31709
31719
31711
30802
31712
31623
39813
31714
39815
30901
30903
30904
30905
30906
30907
30909
30912
30914
30916
30917
30919
30999
30803
31624
31716
39817
39818
39819
31625
30413
31720
31513
31515
31722
31516
39823
31302
39824
30805
31004
31005
30806
31626
31801
39825
31518
39826
31727
30415
31519
31520
31521
31522
31523
31524
31525
31527
31561
31803
31006
31007
31008
31009
39827
39828
39829
30807
31730
31804
31627
39832
31011
31012
31733
30414
30417
30438
39834
31013
31303
31735
30420
31014
39836
30421
39837
31829
31901
31902
31903
31904
31905
31906
31907
31908
31909
31914
31917
31993
31995
31997
31998
31999
31738
31010
31015
31304
31016
31805
39840
30423
39841
31017
31305
31018
39842
30808
31532
31743
31019
31629
31744
39845
31533
31534
31535
30424
31020
31021
31027
31040
31022
31630
31023
31024
31026
31307
39846
31025
31308
31806
31747
31807
31749
30809
31631
31750
31309
31537
31029
39851
31808
31030
39852
31753
30425
31810
39854
30810
30426
30427
30428
31031
30812
31032
30813
31312
31033
30429
31632
31811
31034
30814
31035
31756
31036
31539
31037
30815
31038
31310
31313
31314
31315
31542
31634
31543
31039
31041
39859
31042
31760
31544
39861
31044
31545
31546
31598
31599
31045
31046
31812
31047
30811
30816
31548
31049
31635
31636
39862
31763
31637
31764
31051
30817
31052
30434
31814
31316
31549
31815
30436
31054
31055
31201
31202
31203
31204
31205
31206
31207
31208
31209
31210
31211
31212
31213
31216
31217
31220
31221
31294
31295
31296
31297
31816
31550
31057
31058
31765
31318
31319
31551
30819
30439
31820
30441
31320
31060
31059
31061
31062
30442
31552
30820
31063
31064
31065
39866
39867
31638
31768
31776
31788
30445
31050
31066
31769
31553
31639
31641
30446
39870
31554
31771
30447
30821
30448
31772
31773
31774
31067
31555
31556
31068
30449
31821
31775
39877
31557
31778
31642
31739
31779
31321
30822
31069
31070
31822
31823
31071
31072
31780
31322
30450
31781
31824
30451
31782
31643
31645
31783
30452
30453
30499
31075
31076
31077
31323
31825
31324
31326
31078
31079
30454
30455
31081
31562
31547
31558
31784
31082
31327
30456
39885
31401
31402
31403
31404
31405
31406
31407
31408
31409
31410
31411
31412
31414
31415
31416
31418
31419
31420
31421
31083
31560
31084
31085
39886
31826
31086
31787
30457
31647
31087
31329
30823
31648
30458
30459
30460
30461
30464
31649
31789
31563
30401
31790
30467
31791
31827
30470
31089
31757
31758
31792
31799
30824
31793
31794
31090
31331
30471
31328
31795
31091
30473
31601
31602
31603
31604
31605
31606
31698
31699
30474
30475
31092
30477
31333
31564
31830
31028
31088
31093
31095
31098
31099
30828
31094
31796
31565
31831
31501
31502
31503
30830
31566
31567
31832
31833
39897
31568
31650
31569
31836
31798
30818
30833
31096
31097
29801
29802
29803
29804
29805
29808
29810
29812
29813
29816
29901
29902
29903
29904
29905
29906
29907
29817
29909
29910
29819
29911
29821
29822
29916
29824
29826
29918
29939
29827
29921
29922
29923
29828
29829
29913
29924
29927
29915
29925
29926
29928
29938
29929
29831
29832
29834
29931
29932
29835
29899
29836
29933
29838
29839
29840
29809
29841
29842
29860
29861
29843
29844
29934
29845
29935
29912
29936
29920
29914
29940
29941
29846
29943
29847
29848
29849
29944
29850
29851
29853
29856
29945
33430
33427
33428
33429
33431
33432
33433
33434
33464
33481
33486
33487
33488
33496
33497
33498
33499
33424
33425
33426
33435
33436
33437
33472
33473
33474
33438
33440
33004
33441
33442
33443
33444
33445
33446
33448
33482
33483
33484
33301
33302
33303
33304
33305
33306
33307
33308
33309
33310
33311
33312
33313
33314
33315
33316
33317
33318
33319
33320
33321
33322
33323
33324
33325
33326
33327
33328
33329
33330
33331
33332
33334
33335
33336
33337
33338
33339
33340
33345
33346
33348
33349
33351
33355
33359
33388
33394
34945
34946
34947
34948
34949
34950
34951
34954
34979
34981
34982
34983
34952
34953
34984
34985
34986
34987
34988
33008
33009
33002
33010
33011
33012
33013
33014
33015
33016
33017
33018
33455
33475
33019
33020
33021
33022
33023
33024
33025
33026
33027
33028
33029
33081
33083
33084
33030
33031
33032
33033
33034
33035
33039
33090
33092
34956
33036
34957
34958
33458
33468
33469
33477
33478
33037
33040
33041
33045
33459
33449
33454
33460
33461
33462
33463
33465
33466
33467
33001
33470
33050
33051
33052
33101
33102
33106
33111
33112
33114
33116
33122
33124
33125
33126
33127
33128
33129
33130
33131
33132
33133
33134
33135
33136
33137
33138
33142
33143
33144
33145
33146
33147
33149
33150
33151
33152
33153
33155
33156
33157
33158
33159
33160
33161
33162
33163
33164
33165
33166
33167
33168
33169
33170
33172
33173
33174
33175
33176
33177
33178
33179
33180
33181
33182
33183
33184
33185
33186
33187
33188
33189
33190
33193
33194
33196
33197
33199
33206
33222
33231
33233
33234
33238
33242
33243
33245
33247
33255
33256
33257
33261
33265
33266
33269
33280
33283
33296
33299
33109
33119
33139
33140
33141
33154
33239
33471
34972
34973
34974
33054
33055
33056
33476
33480
34990
34991
33060
33061
33062
33063
33064
33065
33066
33067
33068
33069
33071
33072
33073
33074
33075
33076
33077
33093
33097
34992
33493
33082
34994
34995
34996
34997
33042
33043
33070
33401
33402
33403
33404
33405
33406
33407
33408
33409
33410
33411
33412
33413
33414
33415
33416
33417
33418
33419
33420
33421
33422
32701
32714
32715
32716
32702
33820
33920
34216
32703
32704
32712
34265
34266
34269
34679
34705
32102
33823
33825
33826
33827
33503
32105
33830
33831
33744
33921
33922
34133
34134
34135
34136
33834
34201
34202
34203
34204
34205
34206
34207
34208
34209
34210
34211
34212
34280
34281
34282
34217
34218
33835
33508
33509
33510
33511
34601
34602
34603
34604
34605
34606
34607
34608
34609
34610
34611
34613
34614
32110
33513
32111
32920
33924
32706
32707
32708
32718
32719
32730
33514
34138
32709
32113
32710
33755
33756
33757
33758
33759
33760
33761
33762
33763
33764
33765
33766
33767
33769
34711
34712
34713
34714
34715
32922
32923
32924
32926
32927
32931
32932
33521
34137
34215
32112
34681
33524
33523
33525
33526
33836
33837
33896
33897
32114
32115
32116
32117
32118
32119
32120
32121
32122
32124
32125
32126
32198
32713
32753
32720
32721
32722
32723
32724
32130
32725
32728
32738
32739
33527
33838
34697
34698
33530
33839
32133
32131
33840
32132
32141
34680
34222
34223
34224
34295
33928
33929
32726
32727
32736
34139
33930
32948
32135
32136
32137
32142
32143
32164
32140
32134
33841
33901
33902
33903
33904
33905
33906
33907
33908
33909
33910
33911
33912
33913
33914
33915
33916
33917
33918
33919
33965
33966
33967
33990
33991
33993
33994
33931
33932
34267
33843
34731
32732
32139
33534
32733
34140
34734
32138
32735
32949
34736
33844
33845
32145
33846
32147
33847
34737
34142
34143
33785
33786
33848
32148
32149
34636
33849
34739
34741
34742
34743
34744
34745
34746
34747
34758
34759
33935
33975
33537
32158
32159
32162
32163
33850
32157
32160
33851
32744
33801
33802
33803
33804
33805
33806
33807
33809
33810
33811
33812
33813
33815
32746
32795
32747
33538
33852
33862
33853
33854
33855
33856
33859
33867
33898
34637
34638
34639
33770
33771
33772
33773
33774
33775
33776
33777
33778
33779
34272
34748
34749
34788
34789
33936
33970
33971
33972
33973
33974
33976
33547
34228
32750
32752
32779
32791
33857
33858
33548
33549
33558
33559
32751
32794
32950
34260
33550
34145
34146
34753
32901
32902
32903
32904
32905
32906
32907
32908
32909
32910
32911
32912
32919
32925
32934
32935
32936
32937
32940
32941
32951
32952
32953
32954
32745
32799
32754
34755
34729
34756
32756
32757
33860
34251
34101
34102
34103
34104
34105
34106
34107
34108
34109
34110
34112
34113
34114
34116
34117
34119
34120
34652
34653
34654
34655
34656
32168
32169
32170
33863
34661
34268
34274
34275
32759
34740
34760
34141
32179
32183
34761
33556
34762
34677
33865
34264
32763
32774
32182
32801
32802
32803
32804
32805
32806
32807
32808
32809
32810
32811
32812
32814
32815
32816
32817
32818
32819
32820
32821
32822
32824
32825
32826
32827
32828
32829
32830
32831
32832
32833
32834
32835
32836
32837
32839
32853
32854
32855
32856
32857
32858
32859
32860
32861
32862
32867
32868
32869
32872
32877
32878
32885
32886
32887
32891
32896
32897
32899
32173
32174
32175
32176
34229
32764
32762
32765
32766
34660
32767
32177
32178
33944
34220
34221
34682
34683
34684
34685
34219
32180
33945
33780
33781
33782
33946
33947
33563
33564
33565
33566
33567
32768
33868
32181
32123
32127
32128
32129
34667
34668
34669
34673
34674
33927
33938
33948
33949
33950
33951
33952
33953
33954
33955
33980
33981
33982
33983
32185
33568
33569
33578
33579
32955
32956
32957
33570
33571
33572
33573
33575
34695
34769
34770
34771
34772
34773
33956
33574
33701
33702
33703
33704
33705
33706
33707
33708
33709
33710
33711
33712
33713
33714
33715
33716
33729
33730
33731
33732
33733
33734
33736
33737
33738
33740
33741
33742
33743
33747
33784
33576
32771
32772
32773
33957
32187
34230
34231
34232
34233
34234
34235
34236
34237
34238
34239
34240
34241
34242
34243
34276
34277
34278
32189
32775
32958
32976
32978
33870
33871
33872
33875
33876
33583
33584
32190
32959
32776
32192
33585
33586
33587
34270
33601
33602
33603
33604
33605
33606
33607
33608
33609
33610
33611
33612
33613
33614
33615
33616
33617
33618
33619
33620
33621
33622
33623
33624
33625
33626
33629
33630
33631
33633
33634
33635
33637
33646
33647
33650
33655
33660
33661
33662
33663
33664
33672
33673
33674
33675
33677
33679
33680
33681
33682
33684
33685
33686
33687
33688
33689
33694
32777
34688
34689
34690
34691
34692
32778
34250
33592
32780
32781
32783
32796
33593
32784
33594
33595
33596
34284
34285
34286
34287
34288
34289
34290
34291
34292
34293
33960
32960
32961
32962
32963
32964
32965
32966
32967
32968
32969
32970
33873
33877
33597
32195
32193
34785
33598
34786
32971
34777
34778
34787
33880
33881
33882
33883
33884
33885
33888
32789
32790
32792
32793
34797
32798
33539
33540
33541
33542
33543
33544
33545
33890
36310
35440
35005
35540
35006
35441
35007
35144
36720
35950
35951
35010
35011
36250
35442
35013
35014
35015
35952
36420
36421
35610
36721
36201
36202
36203
36204
36205
36206
36207
35016
36311
35541
36722
36312
36251
35953
35611
35612
35613
35614
36502
36503
36504
35954
36830
36831
36832
36849
36003
36505
35019
36005
36061
35542
36507
36509
35543
36425
35544
35545
35615
36313
35546
35020
35021
35022
35023
36006
35201
35202
35203
35204
35205
35206
35207
35208
35209
35210
35211
35212
35213
35214
35215
35216
35217
35218
35219
35220
35221
35222
35223
35224
35226
35228
35229
35231
35232
35233
35234
35235
35236
35237
35238
35242
35243
35244
35246
35249
35253
35254
35255
35259
35260
35261
35266
35282
35283
35285
35287
35288
35290
35291
35292
35293
35294
35295
35296
35297
35298
36314
35031
35956
35957
35443
35032
36511
36008
36723
36009
35033
35034
36426
36427
35740
35035
35548
36429
35036
35444
35741
36010
35958
36512
35446
36253
35040
36513
36726
36727
36850
35742
35549
35041
35447
36432
36728
35959
35960
35042
36316
36015
36518
35043
35616
35044
36254
36521
36522
35045
35046
35048
36016
35049
35448
36017
36317
35617
35449
36523
36318
36524
35452
35961
36319
35051
35052
36020
35550
35453
36851
36859
36320
35618
36321
36435
36255
35053
36525
35054
35962
35055
35056
35057
35058
36852
36853
36322
36362
35619
36526
36527
36577
36528
36256
35963
36257
36022
35601
35602
35603
35609
35699
36529
35551
36258
36732
35552
36736
35060
35061
35038
35062
36301
36302
36303
36304
36305
35553
35964
36028
35456
35744
36260
35457
36024
36261
36323
36530
35554
35620
36025
35458
35459
35063
36330
36331
35460
36026
35745
35461
36027
36072
35462
35621
36401
36439
35064
36532
36533
35622
36738
35555
36029
36855
35966
36441
36442
35630
35631
35632
35633
35634
36535
36536
36030
36740
36031
36032
36856
35967
35968
35463
36444
36538
36445
36539
36262
36436
36446
35068
36741
35971
35901
35902
35903
35904
35905
35906
35907
36540
35464
35972
36742
36038
35070
35071
35973
36340
36033
35974
35559
36034
35560
35072
35466
36343
36035
36036
36263
36541
35747
35073
35074
36744
36037
36451
35975
35563
36542
36547
35976
35748
35564
35565
35570
35077
36039
35078
36344
35640
35749
36858
35079
36040
35750
36345
36264
35080
35978
35979
36041
35643
35571
35082
35083
35751
35752
36042
36043
35980
35572
35801
35802
35803
35804
35805
35806
35807
35808
35809
35810
35811
35812
35813
35814
35815
35816
35824
35893
35894
35895
35896
35897
35898
35899
36860
36543
35981
36544
36346
36515
36545
36861
36265
35501
35502
35503
35504
36745
35085
36749
35087
35573
35468
35089
35574
35645
35091
36453
35754
36862
36863
35755
36046
36793
35094
35983
35646
36548
35647
36047
35648
36549
35096
36748
36266
36550
35470
36865
36455
35097
35098
36048
36751
36752
36551
36049
36062
35575
35111
36553
36456
35471
36753
35756
35757
35758
36754
36555
36556
36750
36051
35112
36756
36759
36013
36052
35114
36457
35984
35759
36458
36350
36053
36054
36267
35576
36558
36761
36601
36602
36603
36604
36605
36606
36607
36608
36609
36610
36611
36612
36613
36615
36616
36617
36618
36619
36625
36628
36630
36633
36640
36641
36644
36652
36660
36663
36670
36671
36675
36685
36688
36689
36691
36693
36695
36460
36461
36462
35115
36101
36102
36103
36104
36105
36106
36107
36108
36109
36110
36111
36112
36113
36114
36115
36116
36117
36118
36119
36120
36121
36123
36124
36125
36130
36131
36132
36133
36134
36135
36140
36141
36142
36177
36191
36559
35004
35649
35116
35650
35474
35651
36057
35117
36560
35118
36268
36269
35661
35662
36763
36764
35577
35578
36765
36351
35119
35760
35761
36352
36353
35762
35473
35475
35476
36866
36766
35579
35120
36271
35121
36801
36802
36803
36804
36467
36561
36767
35763
36360
36361
35764
35123
35477
36370
35580
35124
35125
35128
36562
36470
36471
35478
36867
36868
36869
36870
35581
36272
36064
36371
36768
36769
36065
35126
35765
36871
36758
35127
36564
36066
36067
36068
35766
35130
35131
35986
35469
35480
36069
36273
36792
35582
36474
35481
35133
36454
36473
36475
36476
35135
36274
36567
36574
35136
35652
35653
35654
36071
35767
36773
35137
36568
36569
36874
35482
36477
36571
36775
36572
36776
35139
35768
35769
36875
35771
36701
36702
36703
36575
35142
35660
35143
36075
36373
36576
35584
36374
36349
36375
36877
35670
36275
35146
35585
36790
36578
35987
35147
35746
35772
36579
35586
35148
36580
36581
36782
35149
35150
35151
35988
35160
35161
36023
36045
36078
35671
36582
36590
36783
36762
36784
35171
36583
36080
35773
35672
35587
35172
35774
35673
36079
36081
36082
35173
35401
35402
35403
35404
35405
35406
35407
35485
35486
35487
35674
36083
36088
36087
36785
35175
36089
36786
36449
36480
35775
36854
36872
35989
35490
35176
36091
35592
35593
35178
36584
35179
36481
36276
36585
35990
35180
35677
35181
35182
36879
36277
36376
36278
36279
35183
35184
35491
35185
36092
36093
36482
36587
35186
35187
35594
36483
36280
35188
35776
35739
36901
36904
36907
36908
36910
36912
36913
36915
36916
36919
36921
36922
36925
38601
39730
39735
38820
38720
38821
38721
38722
38602
39736
38603
38723
39320
38824
39421
38606
39520
39521
39522
39525
39529
39558
39572
39576
39422
39423
38825
38826
39737
38827
39038
38725
39039
39040
38726
38914
39530
39531
39532
39533
39534
39535
39540
38610
38828
39629
39041
38829
38859
38730
39042
39043
39047
39044
39601
39602
39603
39425
39739
38913
38915
38949
39322
39630
38833
38611
39740
38916
38955
39045
39046
39426
38917
39427
39051
39054
38920
39741
39631
38921
38958
39632
39323
39324
38614
38630
38669
38732
38733
39056
39058
39060
38617
38922
38923
38618
39428
39325
39429
39701
39702
39703
39704
39705
39710
38619
39057
38834
38835
38620
39743
38621
39633
38622
38924
39059
39326
38623
39327
39328
39061
38838
38839
39062
38736
38737
38738
38739
38925
38625
38740
38626
39063
39436
38841
39066
39437
38927
39330
39552
39067
38627
39744
38629
39069
39081
39635
39071
39072
39073
39074
39483
39745
38631
38843
39077
38844
39553
39078
38846
38744
38928
39638
38847
39079
39171
38929
38745
38701
38702
38703
38704
38731
38782
38930
38935
38945
38848
38901
38902
38926
38960
39501
39502
39503
39505
39506
39507
38746
38849
39746
39080
39082
39401
39402
39403
39404
39406
39407
39083
39439
39086
38632
39332
38633
39087
38940
38748
39088
38634
38635
38649
38637
38850
38851
39555
38638
38749
38751
38753
38754
38941
38852
39193
39201
39202
39203
39204
39205
39206
39207
39208
39209
39210
39211
39212
39213
39215
39216
39217
39218
39225
39232
39236
39250
39269
39271
39272
39282
39283
39284
39286
39288
39289
39296
39298
39641
38639
39747
39556
39643
39090
39092
38641
38642
38643
39335
39440
39441
39442
39443
39336
39451
38756
39094
39095
39645
39337
39560
39096
39338
39097
39339
39452
39098
38644
39455
38645
39647
38943
39648
39649
39108
39561
39456
39457
39750
39341
39109
39110
39130
39111
39652
38855
39751
38856
39342
38609
38646
39752
39113
39753
39653
39114
39301
39302
39303
39304
39305
39307
39309
38759
38760
38647
38944
39762
39116
39654
38857
38761
38946
39117
39459
38762
39119
38650
39120
39121
39122
39461
38651
38858
38652
39462
39140
39345
39463
38947
39346
38948
39656
39564
39565
39566
38860
38654
39657
39464
38655
38675
38764
39347
38765
39562
39563
39567
39568
39569
39581
39595
39571
39144
39348
39145
39573
39465
39755
39350
38950
39466
39146
39179
39148
39149
38951
38862
38863
38658
39470
39352
39150
38659
39756
39474
39354
39151
39152
39475
39355
39153
38864
39154
38661
39156
38767
39476
39157
39158
38865
38663
38664
39159
38768
38769
39356
39661
38771
39662
39107
39160
38866
39477
39161
39478
38665
38666
39162
39574
38952
38953
39358
38772
39359
39479
38668
38868
39163
38773
38774
38869
39360
39361
39165
38954
39115
39166
39663
38628
38670
39664
38870
39665
39480
38671
38672
39167
39759
39760
39362
39766
39767
38776
39363
39460
39481
39769
39666
38957
39482
38778
38959
38673
39168
39169
39170
38871
38961
39173
38674
38962
38873
38874
39364
39174
38875
38876
38676
38801
38802
38803
38804
38963
39667
39365
39668
38677
39175
39176
39177
38964
38877
38878
38879
39180
39181
39182
39183
38679
39366
38680
38686
38683
39189
39771
39190
38685
38965
39367
38780
38966
39772
39191
39192
39754
39773
38880
39577
38967
38781
39776
39669
39194
70510
70511
70420
71316
70710
71401
70711
71301
71302
71303
71306
71307
71309
71315
70031
70340
70422
71403
70426
70467
70712
70032
71001
71218
70512
71002
71003
71404
70513
70704
70714
70514
71405
70036
70515
71219
71220
71221
70715
70801
70802
70803
70804
70805
70806
70807
70808
70809
70810
70811
70812
70813
70814
70815
70816
70817
70818
70819
70820
70821
70822
70823
70825
70826
70827
70831
70833
70835
70836
70837
70873
70874
70879
70884
70891
70892
70893
70894
70895
70896
70898
71004
70630
70037
70093
70341
71406
71407
71006
71222
70342
71007
71008
71009
70427
70429
71223
70038
71320
71111
71112
71113
71171
71172
70343
70039
71409
71431
70040
70516
70517
70718
70518
70719
71322
70041
70431
70519
71225
71410
70631
71411
70520
70721
71016
70521
71323
70522
70043
70044
70523
71324
70524
71226
70344
71325
71227
70525
71414
71415
71326
70722
71416
71417
71229
71418
70723
70792
71419
71327
71018
71019
70433
70434
70435
70632
70526
70527
71230
71021
70345
70725
70528
71232
71233
70706
70726
70727
70633
70634
70030
70047
71328
71422
70346
70352
71234
71023
70637
70662
71423
71235
71024
70353
70397
70728
71329
70529
71330
70049
71331
70531
70638
71424
71051
70532
70050
71425
71237
70533
71238
70729
70534
70730
70535
70537
70639
71333
71240
71241
70640
71334
71426
71427
71428
71429
70436
70437
70732
71242
71430
71243
70538
70438
70733
71027
70354
70540
70051
70076
70734
71432
71028
70356
71336
71029
71433
71030
70736
70357
71031
70707
70737
70738
71434
71245
70052
71032
70643
70541
70358
70644
70359
71435
70441
70739
71033
70053
70054
70056
70740
70542
70645
70057
71034
71339
70401
70402
70403
70404
71340
70058
70059
71037
70646
71038
71039
71341
70743
71438
71247
70744
71040
71439
71043
70360
70361
70363
70364
70442
71044
70443
70747
70543
70647
70748
71045
70749
70544
71342
70546
71249
71250
71251
71343
71377
71440
70548
71046
71047
71441
70062
70063
70064
70065
70097
70444
71253
70648
70371
70750
71443
70372
70650
70445
70501
70502
70503
70504
70505
70506
70507
70508
70509
70593
70596
70598
70067
70549
70601
70602
70605
70606
70607
70609
70611
70612
70615
70616
70629
70752
71254
70068
70069
70373
70550
71345
70651
71346
71446
71459
71496
71447
70551
70753
71348
71256
71048
70754
70755
70374
71049
71050
71448
70652
70446
70552
70756
70070
70071
70569
70447
70554
70448
70470
70471
71259
71052
71350
71449
70757
71260
71351
70072
70073
71450
70355
70375
70449
70555
71452
71353
70075
70556
71261
70653
70001
70002
70003
70004
70005
70006
70009
70010
70011
70033
70055
70060
70558
71055
71058
70654
71201
71202
71203
71207
71209
71210
71211
71212
71213
71217
70377
71354
71454
71060
71455
71355
70380
70381
70759
71356
70559
70450
70390
70451
71456
71457
71458
71497
71460
71357
70560
70562
70563
71461
70112
70113
70114
70115
70116
70117
70118
70119
70121
70122
70123
70124
70125
70126
70127
70128
70129
70130
70131
70139
70141
70142
70143
70145
70146
70148
70150
70151
70152
70153
70154
70156
70157
70158
70159
70160
70161
70162
70163
70164
70165
70166
70167
70170
70172
70174
70175
70176
70177
70178
70179
70181
70182
70183
70184
70185
70186
70187
70189
70190
70195
70760
70078
71462
70079
70761
71463
71263
71264
70655
71061
71465
70570
70571
70762
71466
70391
71358
70080
70392
70763
70452
71063
70575
70339
70081
70453
70576
71359
71360
71361
71266
70656
71064
70764
70765
70393
71362
71065
70082
71467
70421
70454
70767
70577
70083
71066
70769
70770
71067
71468
71268
70394
70657
70578
71269
70580
70658
70084
71363
71068
70581
71469
70455
71069
70772
70456
70659
70773
71365
71270
71272
71273
70774
70457
70085
70775
70776
70086
71366
71367
70582
71471
70087
71070
71071
70395
70583
71072
71101
71102
71103
71104
71105
71106
71107
71108
71109
71110
71115
71118
71119
71120
71129
71130
71133
71134
71135
71136
71137
71138
71148
71149
71150
71151
71152
71153
71154
71156
71161
71162
71163
71164
71165
71166
71073
71368
71472
71473
71369
71474
71275
70660
71475
70777
70458
70459
70460
70461
70469
71276
70778
71277
70462
71075
70661
71279
71280
71078
70663
70664
70665
71079
70463
70584
70780
71281
70464
71282
71284
70465
71080
70301
70302
70310
70466
71477
71286
71371
71479
70782
70585
71480
70090
70091
70783
71373
70586
70668
70092
71082
70784
70785
70589
71375
70786
70591
70669
71291
71292
71294
70094
70096
70787
70788
70789
71483
71295
71378
71485
70592
70791
71486
72001
72002
72410
72820
71820
72921
72003
72611
72004
72821
72005
71920
71921
71922
71923
71998
71999
71630
72310
71822
72513
72823
72311
72006
72007
72711
72010
71631
72312
72313
72501
72503
72522
72011
72411
71720
72613
72012
72013
72412
72014
71721
72824
71823
72015
72018
72019
72022
72158
72712
72714
72715
72716
72615
72616
72016
72413
72017
71929
72414
72415
71825
72826
71722
72827
72315
72316
72319
71932
72926
71933
72416
72927
72020
71826
72928
72320
72021
72517
72417
72089
71827
72619
72321
72023
71935
72322
71828
72519
71724
71701
71711
72520
72717
72419
72024
71725
72025
72421
72026
72521
72718
72930
72932
72027
72719
72829
72933
72324
72934
71726
72028
72029
72325
72623
72830
72030
72031
72832
72053
72326
71831
72721
72624
72523
72032
72033
72034
72035
72524
72422
72626
72036
71937
72037
72327
72038
71635
72328
71728
72526
72039
72833
72834
72424
72722
72628
72425
72835
71940
72426
72629
71832
71638
72040
72527
72041
72042
72043
71833
71834
72648
72528
71941
72837
72530
72329
71639
72935
72330
72331
72044
72332
72427
72333
71730
71731
72531
72727
72728
72045
71740
71835
72046
72047
72048
72428
71640
72631
72632
72729
72532
72633
72730
72701
72702
72703
72704
72741
72429
72634
72534
71742
71836
72335
72336
72901
72902
72903
72904
72905
72906
72908
72913
72914
72916
72917
72918
72919
72923
71837
71642
72051
72512
72536
72338
71942
71838
72537
72732
71839
72052
72635
72733
71840
72734
72538
72636
72055
71841
72339
72539
71943
72340
72735
71643
71644
71944
72057
72838
72736
72058
72638
72737
72430
72936
72059
72060
72431
72540
71743
72061
72937
72839
71646
71744
72525
72529
72542
71745
72617
72639
72432
72601
72602
72938
72840
72841
72640
71945
72063
72842
72341
72064
72543
72545
72843
72342
72544
72065
71647
72346
72066
72347
72067
72068
72738
72739
72069
71801
71802
71842
71901
71902
71903
71909
71910
71913
71914
72070
72433
72348
72072
72073
72074
72940
72740
71747
72546
72434
71748
72075
72076
72078
72099
72641
72079
71651
72080
71949
72350
72401
72402
72403
72404
72081
71749
72351
72082
72083
71652
72742
71950
72435
72845
72352
72437
72642
71653
72846
72353
71952
72941
71750
72438
72630
72644
72084
72354
72645
72085
71845
72355
72744
72201
72202
72203
72204
72205
72206
72207
72209
72210
72211
72212
72214
72215
72216
72217
72219
72221
72222
72223
72225
72227
72231
72260
72295
71846
72550
72847
72086
72087
71751
72745
72358
72440
71847
72101
72441
71654
71666
71752
72102
72103
72359
72943
72553
71753
71754
72104
72105
72554
72442
72944
72555
72360
72364
72365
72436
72443
72650
72366
72106
72444
72747
72556
72367
71953
72107
72945
72651
71851
72445
72447
72108
71655
71656
71657
71658
72368
72110
72749
71659
72946
72653
72654
71956
72533
72560
71758
71957
72655
72561
72111
72947
71958
71852
72948
72562
72851
71660
71959
72112
72658
72659
71960
71759
72113
72114
72115
72116
72117
72118
72119
72120
72124
72190
72199
72660
72661
72852
71961
71966
71853
72564
72449
71962
72853
72662
72369
72663
72370
72565
71855
72949
72854
72372
72121
72450
72451
72855
71661
72373
72950
72122
72666
72123
72453
71964
72751
72668
72856
71965
72125
72126
72752
71662
72454
72669
71601
71602
71603
71611
71612
71613
72566
72857
72567
72568
72127
72455
72478
72456
72670
72374
72457
71663
72858
72569
72458
72128
72753
72129
71857
72130
72376
72672
72131
72951
72459
72460
72461
72132
72133
72462
71665
72377
72134
72756
72757
72758
72135
72136
72137
72571
71858
72828
72860
71968
72952
72139
72801
72802
72811
72812
72572
72573
72140
72464
72675
72760
72575
72515
72576
71859
72141
72142
72863
72143
72145
72149
72465
72150
72152
72088
72153
72577
72761
71969
71762
72466
72379
72156
71763
72762
72764
72765
72766
72157
71860
71667
72467
71764
71970
72469
71765
72578
72160
72865
72470
72579
72768
72769
72677
72164
72471
71861
72165
71766
72166
71670
72679
72657
72680
72770
72167
72472
72168
72473
72581
72169
72383
72384
72386
72170
71971
72955
72682
72956
72957
71972
72387
72683
72173
72583
72584
72389
72175
72474
72475
71770
72958
72476
72176
71671
71862
71674
72479
72773
72685
72774
72390
72301
72303
72178
72391
72392
71772
71973
72585
72394
72179
72482
71864
71675
71676
72395
71865
71677
72959
71866
72587
72776
72686
72180
72181
72182
72183
72396
72687
71678
74720
74820
74821
74330
73520
74331
74824
74721
73001
74521
74522
73002
73716
74825
73521
73522
73523
73717
73004
73718
73719
73005
74523
73006
73620
73007
73401
73402
73403
74901
73832
74826
74525
74827
74001
74002
74003
74004
74005
74006
74722
74421
74723
73622
73008
74724
74332
74630
73009
73720
74008
74631
74646
73526
73010
74528
74333
74726
74930
74829
74727
74830
74422
73011
74423
74439
74632
74010
74011
74012
74013
74014
74728
74530
73834
73855
74931
74633
73722
73430
73624
73625
74831
73527
74729
74730
73014
74531
73835
74932
74425
74533
73724
73626
73726
73015
74832
73727
73627
74731
73016
74833
74015
73017
74534
74834
73528
74426
74016
73728
73838
73628
73018
73023
73020
74337
74017
74018
74019
74535
74536
73729
74020
73601
74538
74733
74338
73432
74021
73021
73529
74339
73022
74836
74427
74022
73632
73024
74428
73425
73730
74429
73027
73028
74837
74430
74023
73639
73029
73731
74540
74026
73530
73030
73039
73488
74636
74027
74028
73531
74431
74029
73031
73641
74340
73032
73733
73734
73735
74030
73532
73533
73534
73536
74701
74702
73638
73642
74839
74734
73033
74840
73003
73012
73013
73025
73034
73083
73537
73538
73644
73648
73539
73433
73036
73701
73702
73703
73705
73706
73645
73668
74342
74432
74461
74637
74343
73736
73737
74935
73840
73540
73646
74543
74842
74843
73541
73038
74434
73841
74735
73647
73434
73435
74031
74844
73542
73551
73842
73843
74936
73738
74736
73844
73040
73436
73543
74032
74033
74737
73739
74435
73041
73544
74545
73042
73437
73546
73553
73547
74738
73043
74344
74345
73044
74546
74034
73650
74845
73045
74547
74436
73548
74740
73549
73438
74937
73741
74741
74747
73444
73742
74437
73743
73047
73744
74438
73651
74939
74848
74850
73550
74035
73746
74940
74743
74441
74640
73048
74745
73552
74442
74036
73747
74346
74037
74038
73749
73049
74347
74641
74039
74748
74941
74349
74041
73750
73764
73439
74552
74553
74576
74849
74554
73753
73754
74643
74555
74350
73050
73848
73501
73502
73503
73505
73506
73507
73558
73440
73654
74942
74556
74042
73441
74043
74943
73051
73052
73442
74352
73443
73655
73755
73053
73756
73054
74501
74502
74529
74944
74851
74852
73446
73758
73554
73555
74044
73447
74045
74945
73448
74644
73055
73056
73556
74854
73851
73057
73449
73759
73557
74855
73760
73058
74354
74355
73450
74046
74856
74750
73059
74946
74947
74444
73852
74445
73061
74047
73559
73062
74557
74948
73063
74949
74401
74402
74403
73064
73853
73761
74549
74558
74857
73065
74647
73066
73067
73068
73019
73026
73069
73070
73071
73072
74358
74048
74050
74359
73658
74051
74052
73762
74446
73763
74859
73101
73103
