73104
73105
73106
73107
73108
73109
73110
73111
73112
73113
73114
73115
73116
73117
73118
73119
73120
73121
73122
73123
73124
73125
73126
73127
73128
73129
73130
73131
73132
73134
73135
73136
73137
73139
73140
73141
73142
73143
73144
73145
73146
73147
73148
73149
73150
73151
73152
73153
73154
73155
73156
73157
73159
73160
73162
73163
73164
73165
73167
73169
73170
73172
73173
73178
73179
73184
73185
73189
73190
73194
73195
73196
74447
74450
73560
74053
73073
74054
73453
74055
74860
74951
74559
73074
74451
73075
74056
74058
74452
74059
73077
73757
74752
73078
74560
74753
73079
74902
74601
74602
74604
73766
74454
74455
74953
74864
74456
74457
74060
74361
74362
73080
73659
74335
74360
74363
74561
74650
74061
73562
73481
74562
73455
74458
74563
74651
74459
73660
73456
74754
73768
74062
73661
74865
74954
73564
74364
74755
73082
73565
74866
74365
74955
74063
74066
74067
74867
74565
74756
73662
74460
73663
74818
74868
73664
74956
74068
73857
73858
74801
74802
74804
74652
74070
74071
74957
74567
73566
74759
73770
74072
74869
74366
73084
74760
74073
74959
73458
73567
74462
74074
74075
74076
74077
74078
74960
74871
74367
74872
74569
74079
74570
73086
73666
74761
74463
74464
74465
74080
74571
73667
73487
74873
73568
74081
73561
73569
73459
73669
73570
73460
74653
74875
74101
74102
74103
74104
74105
74106
74107
74108
74110
74112
74114
74115
74116
74117
74119
74120
74121
74126
74127
74128
74129
74130
74131
74132
74133
74134
74135
74136
74137
74141
74145
74146
74147
74148
74149
74150
74152
74153
74155
74156
74157
74158
74159
74169
74170
74171
74172
74182
74186
74187
74192
74193
74572
74574
73089
74368
73090
74764
73491
74082
73092
74962
73859
74301
73571
74467
74477
74468
73771
73572
74878
74083
73461
74469
73093
73772
74963
74964
73773
73573
73095
73860
73096
74470
74369
74880
74471
74881
74965
74883
74884
73097
74440
74472
74577
74578
73673
73463
74966
73801
73802
74766
74370
73098
74084
74085
73085
73099
71854
75001
75410
75002
75013
75925
75409
75550
75926
75750
75411
75751
75752
75551
75554
75630
75412
75413
75101
75102
75631
75414
75415
75754
75755
75797
75555
75556
75416
75424
75417
75418
75928
75420
75929
75930
75931
75421
75756
75831
75757
75932
75135
75933
75934
75422
75103
75006
75007
75010
75011
75633
75636
75832
75104
75106
75423
75009
75935
75833
75834
75758
75105
75936
75425
75937
75426
75637
75938
75428
75429
75431
75558
75432
75121
75019
75099
75939
75109
75110
75151
75114
75835
75433
75759
75434
75760
75638
75201
75202
75203
75204
75205
75206
75207
75208
75209
75210
75211
75212
75214
75215
75216
75217
75218
75219
75220
75221
75222
75223
75224
75225
75226
75227
75228
75229
75230
75231
75232
75233
75234
75235
75236
75237
75238
75240
75241
75242
75243
75244
75246
75247
75248
75249
75250
75251
75252
75253
75254
75260
75261
75262
75263
75264
75265
75266
75267
75270
75275
75277
75283
75284
75285
75287
75301
75303
75312
75313
75315
75320
75326
75336
75339
75342
75354
75355
75356
75357
75358
75359
75360
75367
75368
75370
75371
75372
75373
75374
75376
75378
75379
75380
75381
75382
75389
75390
75391
75392
75393
75394
75395
75397
75398
75639
75559
75020
75021
75435
75115
75123
75436
75640
75941
75437
75438
75838
75942
75943
75560
75116
75137
75138
75641
75439
75117
75839
75118
75642
75440
75441
75119
75120
75944
75124
75840
75442
75132
75125
75762
75126
75763
75033
75034
75035
75127
75764
75040
75041
75042
75043
75044
75045
75046
75047
75048
75049
75946
75643
75644
75645
75647
75443
75444
75050
75051
75052
75053
75054
75140
75844
75401
75402
75403
75404
75845
75058
75650
75651
75765
75948
75652
75653
75654
75680
75446
75561
75459
75656
75949
75141
75014
75015
75016
75017
75038
75039
75060
75061
75062
75063
75447
75766
75951
75657
75846
75954
75658
75659
75164
75660
75661
75142
75143
75847
75144
75562
75662
75663
75956
75448
75449
75666
75450
75065
75134
75146
75667
75770
75849
75166
75451
75850
75452
75022
75027
75028
75029
75056
75057
75067
75077
75771
75563
75068
75564
75453
75668
75669
75601
75602
75603
75604
75605
75606
75607
75608
75615
75851
75901
75902
75903
75904
75915
75069
75070
75071
75565
75147
75156
75148
75566
75670
75671
75672
75958
75567
75772
75454
75458
75149
75150
75180
75181
75182
75185
75187
75852
75959
75773
75853
75960
75681
75455
75456
75457
75778
75961
75962
75963
75964
75965
75568
75569
75779
75173
75570
75682
75780
75966
75855
75571
75683
75684
75801
75802
75803
75882
75152
75685
75460
75461
75462
75468
75469
75856
75470
75471
75968
75686
75023
75024
75025
75026
75074
75075
75086
75093
75094
75472
75969
75076
75473
75153
75782
75687
75407
75078
75572
75474
75783
75475
75858
75476
75154
75573
75784
75155
75080
75081
75082
75083
75085
75032
75087
75157
75030
75088
75089
75477
75189
75785
75788
75478
75972
75479
75688
75480
75158
75159
75689
75973
75090
75091
75092
75574
75848
75859
75481
75482
75483
75486
75487
75691
75860
75488
75974
75861
75880
75884
75886
75160
75161
75501
75503
75504
75505
75507
75599
75975
75489
75490
75163
75862
75789
75701
75702
75703
75704
75705
75706
75707
75708
75709
75710
75711
75712
75713
75798
75799
75790
75495
75692
75165
75167
75168
75976
75485
75097
75791
75693
75491
75977
75169
75172
75492
75493
75494
75792
75978
75496
75865
75694
75979
75990
75098
75497
75980
73901
73931
73932
73933
73937
73938
73939
73942
73944
73945
73946
73947
73949
73950
73951
79311
79601
79602
79603
79604
79605
79606
79607
79608
79697
79698
79699
79001
79002
76430
76008
79003
76009
76225
79101
79102
79103
79104
79105
79106
79107
79108
79109
79110
79111
79114
79116
79117
79118
79119
79120
79121
79124
79159
79166
79168
79172
79174
79178
79185
79189
79312
79501
79313
76351
76226
76001
76002
76003
76004
76005
76006
76007
76010
76011
76012
76013
76014
76015
76016
76017
76018
76019
76094
76096
76820
79502
76227
76020
76098
79504
76821
76823
76930
76021
76022
76095
76228
76824
79505
76932
79506
76432
79314
76352
76433
79005
79007
79008
79009
76230
76023
76825
76424
76426
79011
76933
76827
79316
79376
76801
76802
76803
76804
76427
79508
76354
76828
76028
76097
79012
76357
79013
76429
79014
79015
79016
76435
76934
76436
76831
79018
79058
76832
76431
79201
79223
79225
79247
76935
76437
79226
79240
79019
76031
76033
79510
79511
76834
76034
76233
79512
76442
79021
76035
79322
76443
79227
76036
79022
79024
79025
76234
76444
76439
76201
76202
76203
76204
76205
76206
76207
76208
76209
76210
79323
76445
79229
79027
79230
76836
79231
76446
79029
79516
79031
76448
76837
79032
76936
76360
76452
79324
76937
76238
79233
76039
76040
79033
79325
79235
79517
79034
76239
76041
76841
76101
76102
76103
76104
76105
76106
76107
76108
76109
76110
76111
76112
76113
76114
76115
76116
76117
76118
76119
76120
76121
76122
76123
76124
76126
76127
76129
76130
76131
76132
76133
76134
76135
76136
76137
76140
76147
76148
76150
76155
76161
76162
76163
76164
76166
76177
76179
76180
76181
76182
76185
76191
76192
76193
76195
76196
76197
76198
76199
76842
79035
79036
76240
76241
79518
76043
76044
79519
76844
76453
76245
76363
76454
76845
76449
76450
76048
76049
76050
76051
76092
76099
76246
79039
79040
76455
79236
79041
79520
79042
79094
76364
79043
79044
79521
76052
79525
79237
76365
79045
79085
79526
76848
76457
79046
76366
76053
76054
79329
76367
79527
76055
76458
79528
76459
76058
76849
76247
76369
76059
76244
76248
76060
76939
79529
79052
76249
79239
79331
79530
79053
79054
79336
79338
76061
76250
76461
76462
79056
79326
79339
79221
79241
76852
76853
76854
79342
79532
79343
76460
76855
79401
79402
79403
79404
79406
79407
79408
79409
79410
79411
79412
79413
79414
79415
79416
79423
79424
79430
79452
79453
79457
79464
79490
79491
79493
79499
79533
79243
79534
79057
76063
79344
79535
76856
79244
76857
76064
79345
76370
76858
79245
76859
76940
79536
76941
79059
76065
76861
76862
76066
76067
76068
76463
79061
76251
76464
76465
79062
79346
76252
79347
76864
76371
76253
79063
76070
76071
76372
79350
76255
79537
76865
79538
79539
79351
76373
76466
79540
76374
79064
79541
76943
79248
76866
76484
76467
79065
79066
79068
76073
76485
79353
76486
79070
79093
79250
76377
76258
79355
79072
79073
76259
76869
76487
79330
79356
76870
76468
76469
79251
79252
79255
76077
79357
76470
76078
76871
76261
76093
76471
76262
79220
79256
76945
79543
76872
79544
76873
76874
79358
79545
76263
79546
76875
79547
79548
76264
76265
76901
76902
76903
76904
76905
76906
76908
76909
79078
76266
76877
76878
76472
76379
79359
79360
76380
79363
79077
79079
76474
76949
79257
79080
79364
79366
76267
79367
79549
79550
76950
76481
76268
79258
79369
79081
79082
76082
79370
79503
79553
76880
76401
76402
76951
79083
79051
79084
76475
79371
79372
79086
76270
79556
79560
79373
76882
76883
79259
76953
79087
76483
76271
76476
79561
79088
79234
79261
79562
79563
79091
76884
76888
76885
76272
76955
79010
79092
76084
76886
76384
76385
76887
76957
76958
76085
76086
76087
76088
76388
79377
79095
79378
79565
79096
79097
79379
76273
79380
76490
76301
76302
76305
76306
76307
76308
76309
76310
76311
79098
79381
79383
76389
79566
79567
79382
76491
76890
77326
77411
77412
77511
77512
77514
77830
77875
77515
77516
77518
77413
77519
77404
77414
77520
77521
77522
77523
77417
77657
77701
77702
77703
77704
77705
77706
77707
77708
77709
77710
77713
77720
77725
77726
77831
77401
77402
77418
77419
77420
77422
77833
77834
77611
77423
77801
77802
77803
77805
77806
77807
77808
77612
77835
77836
77837
77415
77530
77426
77613
77838
77327
77328
77531
77331
77428
77840
77841
77842
77843
77844
77845
77850
77301
77302
77303
77304
77305
77306
77384
77385
77532
77410
77429
77433
77533
77332
77430
77534
77431
77432
77535
77852
77536
77538
77614
77539
77853
77333
77334
77434
77435
77436
77437
77440
77615
77855
77856
77616
77541
77542
77545
77546
77549
77441
77547
77550
77551
77552
77553
77554
77555
77442
77857
77443
77335
77619
77444
77622
77560
77561
77859
77445
77623
77562
77624
77563
77447
77315
77001
77002
77003
77004
77005
77006
77007
77008
77009
77010
77011
77012
77013
77014
77015
77016
77017
77018
77019
77020
77021
77022
77023
77024
77025
77026
77027
77028
77029
77030
77031
77032
77033
77034
77035
77036
77037
77038
77039
77040
77041
77042
77043
77044
77045
77046
77047
77048
77049
77050
77051
77052
77053
77054
77055
77056
77057
77058
77059
77060
77061
77062
77063
77064
77065
77066
77067
77068
77069
77070
77071
77072
77073
77074
77075
77076
77077
77078
77079
77080
77081
77082
77083
77084
77085
77086
77087
77088
77089
77090
77091
77092
77093
77094
77095
77096
77098
77099
77201
77202
77203
77204
77205
77206
77207
77208
77209
77210
77212
77213
77215
77216
77217
77218
77219
77220
77221
77222
77223
77224
77225
77226
77227
77228
77229
77230
77231
77233
77234
77235
77236
77237
77238
77240
77241
77242
77243
77244
77245
77248
77249
77251
77252
77253
77254
77255
77256
77257
77258
77259
77261
77262
77263
77265
77266
77267
77268
77269
77270
77271
77272
77273
77274
77275
77277
77279
77280
77282
77284
77287
77288
77289
77290
77291
77292
77293
77297
77299
77336
77564
77325
77338
77339
77345
77346
77347
77396
77448
77320
77340
77341
77342
77343
77344
77348
77349
77861
77449
77450
77491
77492
77493
77494
77565
77451
77452
77625
77862
77566
77568
77453
77571
77572
77573
77574
77350
77575
77454
77577
77351
77399
77455
77863
77864
77353
77354
77355
77578
77456
77865
77457
77626
77458
77866
77459
77489
77580
77316
77356
77867
77460
77868
77627
77461
77870
77357
77358
77629
77871
77872
77359
77463
77360
77630
77631
77632
77639
77464
77465
77501
77502
77503
77504
77505
77506
77507
77508
77466
77581
77584
77588
77467
77362
77363
77468
77364
77640
77641
77642
77643
77617
77650
77365
77651
77446
77582
77873
77406
77407
77469
77367
77470
77368
77471
77583
77369
77655
77473
77510
77517
77585
77586
77474
77371
77475
77876
77656
77476
77878
77879
77659
77587
77372
77373
77379
77380
77381
77382
77383
77386
77387
77388
77389
77391
77393
77660
77477
77497
77661
77478
77479
77487
77496
77498
77480
77590
77591
77592
77374
77481
77337
77375
77377
77482
77662
77670
77663
77376
77483
77484
77485
77597
77664
77880
77598
77881
77486
77488
77882
77318
77378
77665
76621
79713
78101
78330
78516
78332
78333
78342
79830
79831
79832
79714
76622
78335
78336
78338
78827
78002
73301
73344
78701
78702
78703
78704
78705
78708
78709
78710
78711
78712
78713
78714
78715
78716
78717
78718
78719
78720
78721
78722
78723
78724
78725
78726
78727
78728
78729
78730
78731
78732
78733
78734
78735
78736
78737
78738
78739
78741
78742
78744
78745
78746
78747
78748
78749
78750
78751
78752
78753
78754
78755
78756
78757
78758
78759
78760
78761
78762
78763
78764
78765
78766
78767
78768
78769
78772
78773
78774
78778
78779
78780
78781
78783
78785
78789
78799
77950
76623
76624
79718
78003
78339
78828
79719
76511
78602
78829
78340
78102
78104
78604
76513
78341
78107
78605
79834
78005
79720
79721
78830
78343
78606
78931
76626
77951
78607
76627
78004
78006
78015
78832
76628
76629
78608
78520
78521
78522
78523
78526
76630
78344
78609
76518
78610
76519
78611
76631
78007
76520
78008
78833
79835
78932
78834
78009
78056
78836
78933
78612
78613
78630
78010
78347
78011
76632
76633
78012
78108
76634
76644
79836
78934
78935
78943
78535
78013
78837
78851
78838
78349
78109
76635
76522
78401
78402
78403
78404
78405
78406
78407
78408
78409
78410
78411
78412
78413
78414
78415
78416
78417
78418
78419
78426
78427
78460
78463
78465
78466
78467
78468
78469
78472
78480
78614
78001
78014
78615
76636
79730
79731
76637
76638
78839
77954
78616
76523
76639
79837
79847
78536
78840
78841
78842
78843
78847
78617
78016
78850
78017
78537
78618
78619
78620
78351
78852
78853
78538
76524
78539
78540
78541
78542
77957
78352
78621
78860
78938
78112
76640
79901
79902
79903
79904
79905
79906
79907
79908
79910
79911
79912
79913
79914
79915
79916
79917
79918
79920
79922
79923
79924
79925
79926
79927
79928
79929
79930
79931
79932
79934
79935
79936
79937
79938
79940
79941
79942
79943
79944
79945
79946
79947
79948
79949
79950
79951
79952
79953
79954
79955
79958
79960
79961
79968
79976
79978
79980
79990
79995
79996
79997
79998
79999
88510
88511
88512
88513
88514
88515
88516
88517
88518
88519
88520
88521
88523
88524
88525
88526
88527
88528
88529
88530
88531
88532
88533
88534
88535
88536
88538
88539
88540
88541
88542
88543
88544
88545
88546
88547
88548
88549
88550
88553
88554
88555
88556
88557
88558
88559
88560
88561
88562
88563
88565
88566
88567
88568
88569
88570
88571
88572
88573
88574
88575
88576
88577
88578
88579
88580
88581
88582
88583
88584
88585
88586
88587
88588
88589
88590
88595
78543
78019
78353
76525
79838
78545
78355
78113
77960
78940
78622
78623
76526
78941
76527
78114
79733
79734
79839
79735
78021
77961
78624
78357
76641
78358
79738
77962
78547
79739
79758
76528
76596
76597
76598
76599
78626
78627
78628
78633
78022
78115
78942
78111
78116
79741
77963
78629
78658
79742
76530
78359
76642
78548
78360
77964
76531
78549
78550
78551
78552
78553
78631
78632
78361
76533
78023
76643
78557
76645
78117
77967
76534
78861
76648
78024
78634
78635
79743
78944
77968
78362
78025
79744
76649
76650
76651
76537
78636
76538
78026
78118
76539
78027
78119
78125
79745
78028
78029
76540
76541
76542
76543
76544
76547
76548
76549
78638
78639
78363
78364
78870
79748
76652
76653
78640
78558
78039
78559
78945
78560
76550
78871
78872
78040
78041
78042
78043
78044
78045
78046
78049
77969
78561
78121
78562
77970
78873
78641
78645
78646
78946
78122
78050
79749
76654
78947
78642
78948
78563
76554
78643
78644
77971
78564
76655
78565
78566
78567
76656
78568
78648
78569
78052
78501
78502
78503
78504
78505
79740
79752
78650
77973
76657
78651
78123
78054
76660
78652
78653
79842
78654
78657
79843
78124
76661
76664
78655
78350
78368
78656
78055
79754
78570
76665
76666
76667
77974
79755
79701
79702
79703
79704
79705
79706
79707
79708
79710
79711
79712
76556
76670
78369
78572
78573
78574
79756
76557
78057
76671
77975
76558
78058
76673
78949
78059
78130
78131
78132
78133
78135
78950
78140
76559
78141
78142
79759
77976
78951
78370
79760
79761
79762
79763
79764
79765
79766
79768
79769
76561
78371
78575
78372
79770
78659
78143
78144
78145
78061
79772
78062
76564
76676
78576
79776
78146
78660
78691
78577
78063
77977
78064
78952
77978
78373
78578
78597
78374
77979
77982
78065
78147
76565
76678
78661
78375
79845
79846
78579
76679
76566
79777
78877
79778
78580
78598
76680
78376
78662
78377
76681
76682
78879
78582
78583
78066
78379
78380
76567
78381
78382
78880
76569
78584
78953
76570
76684
78663
78664
78665
78680
78681
78682
78683
78954
78961
78151
78881
78152
76571
78585
78201
78202
78203
78204
78205
78206
78207
78208
78209
78210
78211
78212
78213
78214
78215
78216
78217
78218
78219
78220
78221
78222
78223
78224
78225
78226
78227
78228
78229
78230
78231
78232
78233
78234
78235
78236
78237
78238
78239
78240
78241
78242
78243
78244
78245
78246
78247
78248
78249
78250
78251
78252
78253
78254
78255
78256
78257
78258
78259
78260
78261
78263
78264
78265
78266
78268
78269
78270
78278
78279
78280
78283
78284
78285
78287
78288
78289
78291
78292
78293
78294
78295
78296
78297
78298
78299
78586
79848
78383
78384
79849
78588
78589
78666
78667
78590
78591
78592
78593
78067
79780
78385
76685
78154
78956
76573
77983
78594
78155
78156
79781
77984
79851
78387
78389
78159
78957
78069
78669
78070
78163
79782
78670
78160
78671
77986
78595
78161
77987
78390
78883
79783
76574
76686
77988
76501
76502
76503
76504
76505
76508
79852
77989
76577
76687
76578
78060
78071
78072
77990
79853
78672
79785
79786
76579
78162
78391
78148
78150
78884
78801
78802
79854
76689
77991
78885
79855
77901
77902
77903
77904
77905
78073
76701
76702
76703
76704
76705
76706
76707
76708
76710
76711
76712
76714
76715
76716
76797
76798
76799
78959
78673
76690
78960
78074
77993
78962
78674
78596
78599
76691
77994
78963
76692
78075
79788
78675
78676
79789
78393
76693
78677
78886
77995
78164
78076
46102
46910
47916
47320
46701
46001
47917
46911
46103
46011
46012
46013
46014
46015
46016
46017
46018
46702
46703
46030
46704
46501
46104
46705
46912
46031
47918
46502
46706
46710
47420
46105
46106
47920
47421
46107
47322
46711
46769
46301
47512
47573
46713
47513
47580
47831
47424
47832
47401
47402
47403
47404
47405
47406
47407
47408
47464
46714
46110
46302
47324
47921
46504
47833
47834
46506
47836
46913
46507
47515
47922
46111
47923
46112
47220
47325
47516
47326
47924
47925
46914
46508
46915
47926
46916
46721
47223
47327
46113
46917
47224
47519
47514
47520
47574
47576
47837
47838
46032
46033
46082
46115
47928
46303
47521
47840
47330
47929
46117
46304
46723
46034
47225
47930
47841
46510
46118
47426
47226
47842
46120
47427
47845
46121
46035
46725
47201
47202
47203
47227
47331
46919
47228
46730
47846
47932
46731
47522
47933
47934
47935
47936
47937
47938
47939
46732
47229
46307
46308
46511
46920
47523
47334
47847
46122
46123
47940
47941
46733
47524
46921
46922
46923
46310
46926
47230
47525
46513
47335
47527
47848
47336
47337
47231
46311
47942
46312
47338
47339
46124
47528
47232
47236
46514
46515
46516
46517
47429
47529
46036
46125
46524
47849
46126
46928
47943
46127
47850
47340
47532
46128
46037
46038
46085
47234
46929
47851
46039
46040
46801
46802
46803
46804
46805
46806
46807
46808
46809
46814
46815
46816
46818
46819
46825
46835
46845
46850
46851
46852
46853
46854
46855
46856
46857
46858
46859
46860
46861
46862
46863
46864
46865
46866
46867
46868
46869
46885
46895
46896
46897
46898
46899
47341
46129
46130
47944
47984
47986
46930
47946
46041
46131
46162
46044
47431
47535
47235
47249
46737
47432
46931
46932
46738
46401
46402
46403
46404
46405
46406
46407
46408
46409
46410
46411
46933
47342
46740
47537
46133
47948
46526
46527
46528
47433
46741
46530
47852
46135
46140
47344
47240
47261
47345
46936
46142
46143
46319
46531
46144
47346
46742
46532
46320
46321
46322
46323
46324
46325
46327
46340
47243
46743
47853
47434
47348
47244
47245
46341
47435
47436
46937
47949
47988
47854
46745
46342
46047
47541
47246
46746
46747
46748
47542
46750
47437
47855
47950
46201
46202
46203
46204
46205
46206
46207
46208
46209
46211
46214
46216
46217
46218
46219
46220
46221
46222
46223
46224
46225
46226
46227
46228
46229
46230
46231
46234
46235
46236
46237
46239
46240
46241
46242
46244
46247
46249
46250
46251
46253
46254
46255
46256
46259
46260
46262
46266
46268
46274
46275
46277
46278
46280
46282
46283
46285
46290
46291
46295
46296
46298
46048
47545
46147
47438
47546
47547
47549
46938
47247
46049
46755
47351
47951
46935
46939
46759
46760
47952
46345
46346
46050
46148
47857
46534
46901
46902
46903
46904
47439
46347
46348
47954
47901
47902
47903
47904
47905
47906
47907
47909
47996
46940
46761
46941
46942
46349
46536
47531
47536
47550
46763
46537
46051
46350
46352
46764
46052
46538
46945
46765
47551
46355
47858
47352
47353
46766
46946
46767
47552
47955
47441
46149
46947
47553
47354
46356
46950
47355
47443
46055
46951
47250
46146
46150
47556
46952
46953
46770
46056
47859
46151
46957
46154
47860
47957
47260
47958
46539
47861
46958
46360
46361
46057
46540
47356
47445
46542
46365
46543
46156
47357
46544
46545
46546
47446
47358
46771
47959
46772
47557
46773
46157
46960
46968
47862
47558
47960
47962
47359
47360
46158
46160
47963
46161
47964
47361
46058
47302
47303
47304
47305
47306
47307
47308
46550
47448
47449
46552
47362
47863
46774
47366
47965
46163
46553
47263
47966
47967
47968
47969
46164
46060
46061
46062
47264
46366
46554
46943
46962
46165
47265
46555
46556
46965
47561
47367
47562
46967
47451
46063
46776
47452
46561
46777
47970
47564
47453
47971
47454
46166
47270
47368
47455
47865
46064
47369
47974
47370
46959
46961
46970
46971
47567
46778
46562
47866
47975
46167
46168
47568
46779
46780
46563
47868
46781
46368
47371
47381
47869
47870
46782
46170
47456
47373
46171
47977
47978
47980
47374
47375
47380
47871
46172
46974
46783
46975
46977
47830
47872
46371
46784
47981
47874
46372
46065
46978
46155
46173
46175
46979
47575
47875
46785
46373
47876
47577
47272
47578
46374
47579
47382
46375
46376
47273
47457
46067
47878
47383
46980
47274
46068
47879
46377
46176
47880
46069
46565
47384
47581
46982
47458
47459
46984
46601
46613
46614
46615
46616
46617
46619
46624
46626
46628
46634
46635
46637
46660
46680
46699
46786
46787
47460
46788
47385
47386
47462
47584
47463
46985
47982
47881
47585
46180
47983
47387
46789
47882
47388
46379
46070
46986
46987
47465
46567
47280
47586
47801
47802
47803
47804
47805
47807
47808
47809
47811
47812
46381
46071
46570
46045
46072
46571
46181
47588
47467
46988
46572
47390
46791
46382
47468
47884
46989
46990
47281
46383
46384
46385
46991
47987
47590
47282
47591
46992
46573
46182
46574
46994
46390
46792
46580
46581
46582
47501
46793
47989
46794
47990
47392
47469
46074
47991
46995
46183
47596
47992
47283
47885
46391
46380
46392
47597
46393
46184
46075
46394
46186
47470
47393
47993
46996
47394
46076
47994
46590
47598
47995
46795
46796
46797
47471
46595
47997
46798
47396
46998
46799
46077
49220
49221
49224
48001
49227
48101
48002
48003
48004
48103
48104
48105
48106
48107
48108
48109
48113
48401
48410
48005
48411
48412
48006
48413
48414
48111
48112
48415
48009
48012
49228
48301
48302
48303
48304
48114
48116
49229
49230
48416
48417
48418
49232
48014
48117
48419
49233
49281
48015
48118
49234
48346
48347
48348
48017
49235
49236
48420
48421
49237
48422
48350
48423
48120
48121
48122
48123
48124
48126
48128
48125
48127
48426
48427
49238
48201
48202
48203
48204
48205
48206
48207
48208
48209
48210
48211
48212
48213
48214
48215
48216
48217
48218
48219
48220
48221
48222
48223
48224
48225
48226
48227
48228
48229
48230
48231
48232
48233
48234
48235
48236
48237
48238
48239
48240
48242
48243
48244
48255
48260
48264
48265
48266
48267
48268
48269
48272
48275
48277
48278
48279
48288
48130
48428
48131
48429
48021
48022
48023
48331
48332
48333
48334
48335
48336
48430
48134
48501
48502
48503
48504
48505
48506
48507
48509
48519
48529
48531
48532
48550
48551
48552
48553
48554
48555
48556
48557
48433
48434
48435
48026
49239
48436
48135
48136
48437
48027
48438
48439
48480
49240
48137
48138
48440
48139
49241
48441
48028
48353
48030
48356
48357
49242
48442
49245
49246
49247
48140
48444
48141
49201
49202
49203
49204
49248
48032
49249
49250
48320
48432
48445
48143
48359
48360
48361
48362
48366
48144
48446
48449
48367
49251
48450
48146
48451
49252
48150
48151
48152
48153
48154
48158
49253
48039
48453
48040
48454
48041
48455
49254
48160
48380
48381
48456
48465
48110
48133
48145
48157
48159
48161
48162
48166
49255
48457
49256
49257
49258
48035
48036
48038
48042
48043
48044
48045
48046
48458
49259
49261
48047
48051
48164
48048
48050
48165
48460
49262
48461
48049
48167
48168
48175
49263
48374
48375
48376
48377
49264
49265
48462
49266
48463
49267
48464
48370
48371
49268
49269
48466
49270
48169
49271
49272
48170
48321
48322
48323
48324
48325
48326
48340
48341
48342
48343
48467
48468
48059
48060
48061
48469
49274
48062
48063
48064
49276
49277
48306
48307
48308
48309
48363
48173
48065
48096
48174
48066
48067
48068
48069
48070
48071
48072
48073
48470
48115
48176
48177
49279
48471
48074
48472
49282
48025
48033
48034
48037
48075
48076
48086
48178
48179
49283
49284
48054
48079
48080
48081
48082
49285
48473
48180
49286
48182
49287
48183
48007
48083
48084
48085
48098
48099
48475
48387
48310
48311
48312
48313
48314
48315
48316
48317
48318
48476
49288
48382
48390
48391
48088
48089
48090
48091
48092
48093
48397
48094
48095
48327
48328
48329
48330
48383
48386
48184
48185
48186
48187
48188
49289
48189
48190
48191
48393
48192
48193
48195
48097
48197
48198
49610
49301
49355
49356
49357
49705
49901
48701
49706
49611
49612
48610
49010
49401
48801
49707
49902
49302
49903
49613
48806
49011
49709
49905
48611
48703
49012
49806
49303
49304
49013
48807
49908
49710
49807
49101
49305
48705
48808
49014
49015
49016
49017
49018
49037
48706
48707
48708
48710
48720
49614
48612
49020
48809
48887
49615
49021
49306
49022
49023
49616
49910
49102
49103
49104
49911
49617
49808
49307
49309
49310
49026
49618
49712
49713
49311
49402
48614
48615
49027
49619
48722
49106
49715
49312
49028
49912
49716
49107
49620
49029
49314
49030
49717
49315
49601
49316
49805
49913
49918
49942
49317
49812
48723
49718
48724
48811
48725
49318
49915
48726
49031
49621
48812
49319
49719
49622
49032
49033
49814
49815
49711
49720
48813
49623
49916
49816
49721
48616
49320
48617
48815
48727
49034
49035
48816
49036
48618
49038
49039
49040
48619
49041
49321
49403
49042
49722
49817
49404
49625
49917
49322
49818
49819
48817
49043
49919
49723
48818
49920
48728
49820
49405
49724
49821
48819
49045
49822
48729
49046
49725
48820
48821
49922
49323
49406
49047
49050
49726
48822
49727
49626
48823
48824
48825
48826
49051
49627
48730
48827
49111
49825
49826
49728
48620
48829
49112
49130
49628
49629
48731
49729
48830
49730
48831
48832
49630
49827
49829
48732
48833
49631
49925
48733
48621
49632
48622
49831
49877
49408
48834
48870
49409
49633
49634
49834
49410
48835
48836
48734
48787
49635
49733
48623
49325
49411
49412
49413
49415
49052
49927
48735
49053
49113
49835
49734
49735
49836
49837
48624
49636
49416
48737
49055
49736
49838
49326
49417
49056
48837
49839
49501
49502
49503
49504
49505
49506
49507
49508
49509
49510
49512
49514
49515
49516
49518
49519
49523
49525
49528
49530
49534
49544
49546
49548
49555
49560
49588
49599
49418
49468
49327
49637
49738
49739
48738
49929
48838
49840
49841
48739
49419
49930
49115
49737
49740
49638
49845
48625
48740
49420
49057
48840
49058
49743
48626
48841
49847
49744
49639
49421
49745
49060
48627
49746
49422
49423
49424
48842
49425
49640
48628
49328
49921
49931
48629
48630
49329
48843
48844
48855
49747
48845
49934
49426
49748
49642
49749
49848
49643
48846
49801
49802
49935
49644
49938
49849
49865
48847
49427
49428
49429
49751
49061
49001
49002
49003
49004
49005
49006
49007
49008
49009
49019
49024
49048
49645
49646
48631
49062
49330
49648
49649
48741
49752
49753
49063
48848
48632
49650
49651
48633
49653
49945
48849
49116
48850
49430
49946
48901
48906
48908
48909
48910
48911
48912
48913
48915
48916
48917
48918
48919
48921
48922
48924
48929
48930
48933
48937
48950
48951
48956
48980
49064
49065
49654
49066
49655
49755
49756
48742
48634
49833
48743
49331
49431
48635
49656
48636
48851
49657
48852
49853
49434
49757
49701
49659
49660
49854
49663
49664
48853
49067
49947
49665
49435
49855
49068
49070
48854
49948
49071
49666
48744
49436
49332
49072
49858
48637
49667
49668
49861
48856
49333
48640
48641
48642
48667
48670
48674
48686
48745
49759
48746
48647
49950
49335
49437
49760
49336
48857
48804
48858
48859
48860
49761
48861
48747
49862
49440
49441
49442
49443
49444
49445
49863
49864
49073
48748
49762
49074
49866
49337
49868
49117
49446
49119
49120
49952
49670
48862
49870
49075
49448
48649
49764
48805
48864
49673
49076
49674
48749
49765
49675
49953
48865
48750
49077
49766
49078
48866
48754
48867
49955
49871
49768
49338
49079
49958
49769
49449
49872
48871
49873
48872
49770
48873
49774
49339
48755
48650
49080
49775
48874
49081
48875
49776
48876
49874
48756
49777
48651
49450
49082
49876
49959
49676
49878
49451
49677
48757
49340
49879
48613
48652
49083
48758
48877
49084
49880
49341
49351
49960
49342
49779
48653
48878
48654
49452
49780
48601
48602
48603
48604
48605
48606
48607
48608
48609
48638
48663
49881
48655
48656
49781
49782
48879
49085
48880
49343
48657
48881
49453
49783
49784
49785
49786
49788
49125
49087
49088
49454
49679
48759
49883
48882
49455
49344
48883
48884
49089
49884
49961
48885
48760
48886
49885
49962
49126
49680
48761
49090
49963
49886
49345
49456
48721
48762
49964
48658
48888
49346
49887
48659
49127
49091
48889
48890
49682
48763
48764
49092
49683
49128
49093
49965
49791
49792
49684
49685
49686
49696
49891
49967
49793
49347
48765
49688
48766
49457
49094
49129
48767
49095
49795
48768
49096
48891
49097
49852
49892
49968
49458
49459
49893
49796
49797
49969
49098
49970
49348
48892
48893
49894
49689
48661
49460
48894
49895
48662
49349
49461
49463
49099
49971
48770
49690
48895
49896
48896
49799
48897
49464
60002
61001
60004
60005
60006
60007
60008
60009
61006
61007
60010
60011
61008
60089
61010
61011
61012
60013
61013
61014
61015
61016
60290
60012
60014
60039
61018
61019
61020
60015
60016
60017
60018
60019
61021
61024
61025
61027
61028
60201
60202
60203
60204
60208
60209
61030
60020
60021
61031
61032
61036
61037
61038
61039
60022
60025
60026
60029
60030
60031
61041
61042
60001
60033
60034
60035
60037
60040
61043
60041
60042
60043
61044
60044
60045
60046
60047
61046
61047
61048
60048
60069
61049
61050
60050
60051
61051
61052
60053
61053
61054
60056
60060
60061
61057
61059
60062
60065
60064
60086
60088
61060
61061
60038
60055
60067
60074
60078
60094
60095
60068
61062
61063
61064
61065
60070
60071
61067
60072
61068
61070
61071
61101
61102
61103
61104
61105
61106
61107
61108
61109
61110
61111
61112
61114
61115
61125
61126
61130
61131
61132
61072
61073
60073
60075
61074
61075
61077
61078
61079
60076
60077
61080
60081
61081
61084
61085
60082
60083
61087
60084
60079
60085
60087
60090
60091
61088
60093
61089
60096
60097
60098
61091
60099
54405
54101
53910
53927
53001
53501
53502
54201
53002
54909
54102
54406
54407
54408
54409
54430
54911
54912
54913
54914
54915
54919
53503
54511
53504
53911
54103
54410
53003
54104
54411
54412
53505
53506
54413
53801
54202
54921
53913
53507
53101
54922
53916
53802
53004
53508
53510
53511
53512
53803
54923
53103
54926
54414
54106
53515
53516
54415
53804
53517
53518
54107
54182
53805
53827
54512
54416
53919
54513
53920
54110
53104
53520
54417
53005
53008
53045
53521
53006
53522
54204
53105
53922
53007
54927
54514
53108
53923
53523
53010
53109
54928
53011
54205
53806
54515
53924
54111
53012
53013
54420
53014
54517
53015
53525
54929
53016
53526
54421
54112
53017
54207
54930
53925
54113
54519
53527
54520
54114
53528
53807
53110
54422
54423
54931
53926
53529
53114
53530
54418
54424
54462
53531
53532
53018
53115
54208
54115
53808
53533
53595
54425
53118
53928
53119
54521
53120
53019
54426
53534
54209
54427
54429
54428
54932
53020
53121
54210
53122
53929
54933
53930
54211
54934
53536
53931
53932
54120
53809
54524
54212
54121
54935
54936
54937
53125
53537
54123
54213
53538
53933
54214
53126
53021
54940
53934
53935
53127
53128
53022
54525
54124
54433
54434
54439
54435
53023
54526
53810
54527
54125
53540
53024
53936
54436
53541
54301
54302
54303
54304
54305
54306
54307
54308
54311
54313
54324
54344
53026
53129
54941
54126
54942
54437
54128
53130
53132
54943
54529
53027
53029
54440
54530
53811
54531
53137
53543
54129
53937
53031
53544
53138
53032
54944
53033
54534
53034
54945
54990
54442
54536
53035
53036
53037
53545
53546
53547
53548
53549
53038
53550
54443
53039
53139
54130
54131
54215
54537
53140
53141
53142
53143
53144
54135
53040
54216
53042
53812
54136
54946
53939
53044
54127
54137
54171
54538
53940
53147
53551
54539
54543
54138
53813
54540
53046
54541
54947
53941
53047
54139
54948
53942
53535
53553
54140
54141
53554
53555
53943
53048
53556
54542
53557
54446
54447
54217
53944
53148
53558
53562
53593
53701
53702
53703
53704
53705
53706
53707
53708
53711
53713
53714
53715
53716
53717
53718
53719
53725
53726
53744
53774
53777
53778
53779
53782
53783
53784
53785
53786
53788
53789
53790
53791
53792
53793
53794
53049
54949
54545
54220
54221
54226
54448
54227
54143
54950
53946
53947
53559
54404
54441
54449
54472
54450
54464
53948
53050
53560
54451
54546
54952
53051
53052
54547
54452
53561
53056
54454
53563
53201
53202
53203
53204
53205
53206
53207
53208
53209
53210
53211
53212
53213
53214
53215
53216
53217
53218
53219
53220
53221
53222
53223
53224
53225
53226
53227
53228
53233
53234
53235
53237
53259
53263
53267
53268
53274
53278
53288
53290
53293
53295
53565
54548
54228
53566
53949
53569
53570
54550
54565
53571
54455
54149
53057
53816
53572
53149
53573
53150
53058
54956
54957
54456
54457
54458
54150
53059
54960
53060
54229
53574
53061
53062
53950
54961
53152
53063
54151
54152
53951
53064
53153
53154
53065
53066
54153
54154
54962
54459
53069
54963
54155
53070
53575
53542
53576
54901
54902
54903
54904
54906
54460
53952
53953
53156
53954
54552
53817
54463
53157
54119
54156
54157
53072
54554
54555
54465
54964
54965
54466
53577
54966
53818
53158
54467
53073
53901
54469
54159
53074
53820
54160
54161
53159
53955
54967
53821
53578
54556
54557
54968
54162
53401
53402
53403
53404
53405
53406
53407
53408
53956
53957
53075
54969
54970
53958
53959
54230
53579
53580
54501
54470
53076
53581
53582
54471
53960
54971
53167
53961
54974
54473
54474
53078
54475
53079
54558
54232
53168
53583
53080
54976
54559
54560
54561
54977
54476
53584
54165
53585
54166
53081
53082
53083
53085
54169
54170
53586
53170
53824
54234
53086
53171
53172
53587
54479
53176
53588
54480
54481
54482
54492
53825
53088
53589
54484
54235
53177
54173
53178
54485
53590
53596
54174
53089
53091
53092
53097
54562
54486
54978
54240
54487
54532
54563
54175
53102
53179
54564
53181
54241
53962
53182
54488
54245
54979
54489
54566
53093
53183
53184
54246
53185
53594
53094
53098
54980
53146
53151
53186
53187
53188
53189
53597
54981
53963
54401
54402
54403
54177
54982
53826
53090
53095
54490
53964
54983
54491
54247
53190
54984
54493
53191
53192
53598
54985
54986
53965
54494
54495
54498
54432
54499
53968
53599
53099
54568
53194
54180
53969
53195
61410
61411
60101
61412
60102
60156
61413
61468
61414
61310
61720
61312
61721
60910
61722
60911
61501
61723
60502
60503
60504
60505
60506
60507
60568
60572
60598
61415
61416
60103
60107
60133
60510
60539
60912
60401
61724
60104
60105
60106
61516
61417
60402
61418
60511
61419
61313
61420
61475
60108
60117
61701
61702
61704
61705
61709
61710
61791
61799
60406
60913
60914
60407
61421
60915
60408
61517
60512
60513
61519
60917
60918
61314
61315
60109
61422
60919
60409
61423
61424
60920
61520
60116
60122
60128
60132
60188
60197
60199
61725
61425
60110
61426
61316
60410
60921
60922
61726
61317
60499
60411
60412
60415
61523
60924
60111
60514
60926
60927
61727
60416
61728
61318
61729
61730
61319
60112
60928
60113
60417
61731
61427
60929
61428
61320
61321
60930
61732
61733
60115
61734
61322
61735
60419
60931
61323
60515
60516
60517
61736
60118
61524
61525
60420
60518
61430
60932
61526
61528
60119
61324
60120
60121
60123
60124
60170
60933
61431
61737
60126
61529
61738
60421
60934
60519
60129
60935
61530
61739
61432
61531
61433
61740
60422
61532
60130
61741
60599
60423
60131
60176
61401
61402
61434
60424
60134
60135
60936
60136
60938
61436
61437
61533
60137
60138
60139
60425
61742
61438
60939
61325
60940
61326
61743
61534
61744
61535
60140
61536
60426
60428
60429
61439
61327
61537
60941
61745
60520
60141
60521
60522
60523
60527
60561
60430
60942
61747
60944
61748
60142
61440
61441
60945
60143
60403
60404
60431
60432
60433
60434
60435
60436
60144
60901
61328
61442
60946
61749
61443
60145
61539
60437
60146
61447
61448
61540
61329
61449
60147
60525
60526
61450
61330
61750
60438
61541
61301
61451
61751
60530
61331
60531
60439
60440
60490
61332
61752
61542
61753
60532
61452
61453
61543
60441
60446
60491
60948
61454
60148
61544
61333
61334
61545
60949
60534
61754
61335
61755
61455
61336
61337
60150
60442
61546
61338
60950
60151
61547
61458
60152
61459
61340
61756
61341
60951
60443
60153
60154
60155
60444
61460
60157
60160
60161
60162
60163
60164
60165
60952
61342
61758
61548
60445
60953
60536
60537
61344
61759
61760
60447
60448
60954
60449
61435
61462
60538
60450
61550
61552
60540
60563
60564
60565
60566
60567
61345
60541
61346
60451
61465
61761
61790
61553
60542
61466
60452
60453
60454
60455
60456
60457
60458
60459
60301
60302
60303
60304
60305
60460
61348
61349
60461
60955
61467
61469
60462
60467
60543
61350
60463
60464
60956
60466
60484
61353
60957
61554
61555
61558
61601
61602
61603
61604
61605
61606
61607
61610
61611
61612
61613
61614
61615
61616
61625
61629
61630
61633
61634
61635
61636
61637
61638
61639
61641
61643
61650
61651
61652
61653
61654
61655
61656
60468
61354
60959
60544
60585
60586
60545
61764
60469
61470
61356
61559
61560
60960
60470
61471
60961
60471
61472
60171
60546
61561
60472
60962
61562
61473
60963
61358
60958
60964
61474
60174
60175
61563
60548
61769
61770
60159
60168
60169
60172
60173
60179
60192
60193
60194
60195
60196
61476
61359
61771
61360
60549
60550
61361
60966
60551
61772
61773
61477
61478
60552
60177
60473
61564
60474
61565
61479
61362
61363
61774
60475
60553
60967
61775
61311
61364
61480
61367
60554
60501
60178
61482
60968
60476
60477
60478
60487
61368
61369
61370
61567
61483
61776
61568
61371
61569
61372
60180
60969
61373
61374
61375
61484
60479
61485
60181
61486
61376
61777
60555
60183
61570
61571
61488
60556
60970
60184
61778
60557
60973
61377
61378
60185
60186
60558
60559
60187
60189
61489
60480
60481
60190
60191
60399
61490
60974
60465
60482
61379
61491
61572
60560
60601
60602
60603
60604
60605
60606
60607
60608
60609
60610
60611
60612
60613
60614
60615
60616
60617
60618
60619
60620
60621
60622
60623
60624
60625
60626
60628
60629
60630
60631
60632
60633
60634
60636
60637
60638
60639
60640
60641
60642
60643
60644
60645
60646
60647
60649
60651
60652
60653
60654
60655
60656
60657
60659
60660
60661
60664
60666
60668
60669
60670
60673
60674
60675
60677
60678
60680
60681
60682
60684
60685
60686
60687
60688
60689
60690
60691
60693
60694
60695
60696
60697
60699
60701
60706
60707
60712
60714
60803
60804
60805
60827
62214
62215
62806
62833
62843
62601
62001
62410
61810
62807
62610
62411
62002
62905
61811
62906
62413
61910
62611
62501
61812
61911
62612
62808
61912
62510
62613
61913
62615
62311
62344
62907
62216
62217
62312
62218
62313
62006
62617
62314
62618
62512
62219
62414
62444
62908
62810
62220
62221
62222
62223
62225
62226
62811
61813
62009
62812
62010
61914
62011
61814
62513
62621
62622
62814
62909
61815
62815
62816
62514
62316
62230
62417
62012
61816
61917
62910
62817
62624
62818
62418
62013
62819
62515
62517
62912
62014
62820
62015
62914
62419
61919
62915
62319
62916
62320
62625
62901
62902
62903
62626
62231
62821
62917
62016
62918
62321
62420
62232
61817
62919
62801
61818
62323
61820
61821
61822
61824
61825
61826
62627
62628
61920
62629
62233
62630
62518
61924
62822
61830
62823
62421
62824
62324
62325
62920
62825
62017
62326
62234
61831
62921
62236
62329
62631
62519
62018
62237
62422
62922
62827
62238
62923
62828
62829
62330
61925
61832
61833
61834
62520
62521
62522
62523
62524
62525
62526
61839
62924
61840
62424
62530
62830
62926
62019
62021
62022
62927
62831
62425
62239
62832
62023
62024
62240
62633
62201
62202
62203
62204
62205
62206
62207
62208
62928
62426
62531
62025
62026
62401
62930
62027
62931
62634
62932
62241
62028
62334
62532
62635
62834
62933
62835
62934
62242
62836
62809
62837
61841
62838
61842
62533
62336
62030
62031
62032
62534
61843
61844
62427
62839
61845
62535
62338
62840
62638
62639
62243
62841
62244
62935
62842
61846
62245
61847
62033
62640
62536
62034
62035
62938
62339
62036
62939
62940
62037
62941
62942
62040
62943
62844
62044
62428
62642
62246
62340
62247
62045
62046
62341
61929
62047
62946
62537
62048
62643
62538
62644
62248
61848
62947
62431
62948
62649
62432
62249
62049
62050
61930
62250
61849
62803
62252
62343
61931
61932
62949
62433
62539
62846
61850
62434
62051
62848
62849
61851
62650
62651
62950
62435
62052
62436
62850
62951
62952
62953
62954
62053
62054
61933
62955
62956
62851
62852
62853
62253
62655
62540
62345
62854
62541
62855
61936
62346
62543
62439
62254
62255
62440
62347
62348
62656
62056
62660
62058
62661
62856
61852
62349
62858
62059
61937
62957
62859
62860
62544
62060
62256
61853
62958
62663
61854
62061
62959
62257
62423
62441
62442
62062
62258
62443
62664
61938
62861
62545
62063
62259
62351
62665
61940
62960
62065
62666
62961
62962
62862
62260
61855
62352
62667
61856
62445
62067
62546
62963
62964
62547
62863
62446
62069
62548
62353
62864
62549
62550
62070
62965
62262
62865
61857
61941
62966
62668
62263
62866
62071
62354
62355
62447
62264
62265
62670
62967
62356
62074
62867
62671
61942
62266
62357
62448
62551
62672
62358
62868
62075
62869
62268
62673
61943
61858
62449
62553
62870
62269
61859
62076
62271
62969
62970
62450
62871
62872
62971
62554
62874
62555
62972
62451
62556
62674
62359
62557
62077
61944
62452
62875
62078
62558
62360
62361
61862
62272
62973
62362
61863
62659
62675
61864
62079
62273
62274
62974
62363
62365
62366
62677
62367
62275
62975
61865
62261
62277
62976
62301
62305
62306
62876
62977
62080
61866
62560
62278
61949
62279
62877
61870
62979
62878
62561
62454
62563
62081
62370
62280
62082
62083
62982
62084
61871
62983
62681
61872
62879
62458
62459
62460
62281
61873
62282
62880
62881
62882
62682
61874
62085
62883
62683
62884
61875
62984
62565
62684
62685
62885
62461
61876
61877
62462
62985
62886
62284
62285
62086
62087
62286
62887
62701
62702
62703
62704
62705
62706
62707
62708
62711
62712
62715
62716
62719
62721
62722
62723
62726
62736
62739
62756
62757
62761
62762
62763
62764
62765
62766
62767
62769
62776
62777
62781
62786
62791
62794
62796
62088
62288
62463
62987
62567
62464
62465
61951
62289
62466
62688
62888
62988
62993
62089
62568
62374
62467
62889
62689
62990
61878
62890
62292
62375
62468
61880
62570
62438
62571
62293
62469
62294
61953
62992
61801
61802
61803
62376
62891
62295
62471
62090
62994
61955
62892
62378
62995
61956
62996
62690
62691
62572
62893
62297
62091
62894
62573
62373
62379
62298
62473
62662
62692
62895
61882
62474
62896
62475
62380
62476
62477
61883
62478
62479
62092
61884
62897
62693
62997
62480
62093
62694
61928
61957
62094
62998
62898
62095
62695
62097
62098
62899
62481
62999
63430
63330
65001
65230
63010
65320
65010
63530
63332
65231
63011
63021
63022
63024
63531
65011
63012
63013
65013
63333
65232
63014
63532
65321
65322
65014
65062
65016
65233
63334
63533
65017
65236
65246
65286
65237
65239
65323
65018
65042
63534
65020
63435
63015
63016
63436
65023
65240
65024
63005
63006
63017
63431
63437
65243
65025
63336
65244
65324
65325
65201
65202
65203
65205
65211
65212
65215
65216
65217
65218
65299
63338
63019
63339
63341
63020
63023
63536
63438
63342
63537
65326
65026
65072
63538
63343
63439
65327
63344
63539
65032
63025
63440
65247
63345
65248
63026
63099
63028
63030
63346
65329
63031
63032
63033
63034
63347
63348
65034
63441
65250
65035
63036
65251
63037
65330
65254
63038
63541
63543
65037
65038
63039
63544
63545
65332
63546
63040
63041
65255
63401
65256
65039
63349
63042
63043
63044
63045
63047
65040
63048
65041
65257
63350
63049
63050
65258
65043
63051
65333
65334
63443
65259
63547
63052
63053
65335
65260
65046
65101
65102
65103
65104
65105
65106
65107
65108
65109
65110
65111
63351
63445
65047
65261
65262
63501
65305
65336
63446
65048
63055
63447
63352
63448
65049
65337
63535
63548
63540
63549
65050
63451
63056
63452
63057
65338
65051
65052
63551
65053
63060
63061
65054
63353
63453
65055
63552
65263
65339
63065
65340
63357
65264
63454
63555
65058
65265
65344
63359
63556
65270
65059
63456
63361
63457
65345
65036
65061
63066
63362
65347
63458
65063
63557
63558
63363
65274
63068
63433
63459
63365
63460
63559
63366
63367
63368
63369
65064
63370
65065
65348
65066
63069
63461
65275
63462
63070
63463
65276
63464
63560
63373
65067
65068
63561
65278
63465
65069
63071
63072
65279
63091
65280
65074
63563
63073
63074
63301
63302
63303
63304
63077
65075
63101
63102
63103
63104
63105
63106
63107
63108
63109
63110
63111
63112
63113
63114
63115
63116
63117
63118
63119
63120
63121
63122
63123
63124
63125
63126
63127
63128
63129
63130
63131
63132
63133
63134
63135
63136
63137
63138
63139
63140
63141
63143
63144
63145
63146
63147
63150
63151
63155
63156
63157
63158
63160
63163
63164
63166
63167
63169
63171
63177
63178
63179
63180
63182
63188
63195
63197
63199
63466
63376
65076
65281
65282
63467
65301
65302
63450
63468
63434
63469
63377
65349
65350
63079
65077
65283
65078
65284
63080
65079
65351
65354
63471
65080
65285
65081
63378
63379
63381
65082
65083
63084
63565
63087
63088
63382
65084
63089
63383
65355
63090
63472
63384
63385
63386
65085
63387
63388
63473
65360
63389
63566
65287
63567
63390
63432
63442
63474
20001
20002
20003
20004
20005
20006
20007
20008
20009
20010
20011
20012
20013
20015
20016
20017
20018
20019
20020
20022
20023
20024
20026
20027
20029
20030
20032
20033
20035
20036
20037
20038
20039
20040
20041
20042
20043
20044
20045
20046
20047
20049
20050
20051
20052
20053
20055
20056
20057
20058
20059
20060
20061
20062
20063
20064
20065
20066
20067
20068
20069
20070
20071
20073
20074
20075
20076
20077
20078
20080
20081
20082
20088
20090
20091
20097
20098
20201
20202
20203
20204
20206
20207
20208
20210
20211
20212
20213
20214
20215
20216
20217
20218
20219
20220
20221
20222
20223
20224
20226
20227
20228
20229
20230
20232
20233
20235
20237
20238
20239
20240
20241
20242
20244
20245
20250
20251
20254
20260
20261
20262
20265
20266
20268
20270
20277
20289
20299
20301
20303
20306
20307
20310
20314
20317
20318
20319
20330
20340
20350
20355
20370
20372
20373
20374
20375
20376
20380
20388
20389
20390
20391
20392
20393
20394
20395
20398
20401
20402
20403
20404
20405
20406
20407
20408
20409
20410
20411
20412
20413
20414
20415
20416
20417
20418
20419
20420
20421
20422
20423
20424
20425
20426
20427
20428
20429
20431
20433
20434
20435
20436
20437
20439
20440
20441
20442
20444
20447
20451
20453
20456
20460
20463
20468
20469
20470
20472
20500
20501
20502
20503
20504
20505
20506
20507
20508
20509
20510
20511
20515
20520
20521
20522
20523
20524
20525
20526
20527
20528
20529
20530
20531
20532
20533
20534
20535
20536
20537
20538
20539
20540
20541
20542
20543
20544
20546
20547
20548
20549
20551
20552
20553
20554
20555
20557
20558
20559
20560
20565
20566
20570
20571
20572
20573
20575
20576
20577
20578
20579
20580
20581
20585
20586
20590
20591
20593
20594
20597
20599
20606
20607
20701
20608
20861
20862
20609
20838
20610
20839
20611
20704
20705
20612
20810
20811
20813
20814
20815
20816
20817
20824
20825
20827
20889
20892
20894
20710
20715
20716
20717
20718
20719
20720
20721
20841
20613
20722
20833
20615
20616
20617
20866
20618
20818
20619
20620
20731
20743
20747
20753
20791
20799
20621
20622
20623
20732
20733
20871
20624
20735
20625
20740
20741
20742
20626
20627
20872
20628
20751
20842
20629
20630
20754
20632
20755
20744
20745
20749
20750
20758
20759
20877
20878
20879
20882
20883
20884
20885
20886
20898
20899
20765
20896
20874
20875
20876
20812
20769
20634
20768
20770
20771
20776
20635
20777
20636
20637
20639
20781
20782
20783
20784
20785
20787
20788
20640
20643
20645
20794
20891
20895
20703
20706
20646
20707
20708
20709
20723
20724
20725
20726
20650
20653
20711
20656
20657
20658
20659
20660
20712
20661
20662
20664
20682
20714
20830
20832
20736
20667
20670
20674
20675
20837
20676
20677
20678
20697
20790
20797
20680
20737
20738
20847
20848
20849
20850
20851
20852
20853
20854
20855
20857
20859
20684
20685
20686
20860
20763
20687
20764
20901
20902
20903
20904
20905
20906
20907
20908
20910
20911
20912
20913
20914
20915
20916
20918
20993
20997
20688
20868
20897
20689
20690
20746
20748
20752
20757
20762
20779
20772
20773
20774
20775
20792
20692
20601
20602
20603
20604
20880
20693
20778
20695
20588
20598
21001
21005
21010
21009
21520
21710
21810
21401
21403
21404
21405
21409
21411
21412
21402
21012
21013
21092
21201
21202
21203
21204
21205
21206
21207
21208
21209
21210
21211
21212
21213
21214
21215
21216
21217
21218
21219
21220
21221
21222
21223
21224
21225
21226
21227
21228
21229
21230
21231
21233
21234
21235
21236
21237
21239
21240
21241
21244
21250
21251
21252
21263
21264
21270
21273
21275
21278
21279
21280
21281
21282
21284
21285
21286
21287
21288
21289
21290
21297
21298
21607
21521
21014
21015
21017
21018
21811
21609
21610
21711
21813
21522
21814
21523
21713
21020
21612
21714
21022
21715
21716
21758
21717
21718
21023
21613
21719
21720
21913
21617
21914
21027
21915
21619
21620
21690
21721
21916
21622
21623
21656
21028
21029
21722
21030
21031
21065
21917
21044
21045
21046
21918
21625
21524
21626
21675
21817
21627
21114
21032
21628
21501
21502
21503
21504
21505
21034
21035
21036
21821
21629
21919
21631
21601
21528
21822
21037
21040
21920
21921
21922
21529
21041
21042
21043
21727
21824
21733
21047
21632
21048
21634
21530
21050
21051
21052
21701
21702
21703
21704
21705
21709
21053
21531
21532
21826
21734
21635
21054
21930
21056
21829
21057
21060
21061
21062
21737
21738
21071
21636
21536
21638
21639
21740
21741
21742
21746
21747
21748
21749
21074
21750
21075
21076
21077
21078
21830
21640
21641
21643
21082
21644
21084
21755
21085
21756
21645
21757
21087
21538
21759
21762
21835
21090
21723
21765
21766
21539
21093
21094
21541
21088
21102
21836
21837
21838
21649
21105
21650
21767
21106
21769
21542
21543
21108
21651
21111
21770
21771
21545
21773
21840
21652
21841
21653
21754
21774
21775
21776
21901
21550
21842
21843
21113
21555
21117
21654
21120
21849
21122
21123
21128
21130
21902
21903
21131
21556
21850
21852
21851
21777
21904
21655
21853
21132
21856
21657
21658
21133
21557
21857
21136
21659
21139
21660
21911
21140
21661
21778
21779
21662
21780
21781
21624
21647
21663
21801
21802
21803
21804
21664
21144
21146
21782
21861
21665
21862
21150
21783
21863
21152
21560
21153
21666
21667
21864
21154
21668
21561
21784
21787
21669
21670
21788
21671
21672
21673
21790
21865
21866
21791
21792
21155
21867
21156
21869
21793
21912
21540
21562
21794
21157
21158
21871
21890
21872
21160
21161
21162
21874
21795
21676
21797
21798
21104
21163
21648
21677
21678
21679
21875
20105
22301
22302
22303
22304
22305
22306
22307
22308
22309
22310
22311
22312
22313
22314
22315
22320
22331
22332
22333
22334
22350
20106
22003
22201
22202
22203
22204
22205
22206
22207
22209
22210
22211
22212
22213
22214
22215
22216
22217
22219
22222
22225
22226
22227
22230
22240
22241
22242
22243
22244
22245
22246
20146
20147
20148
20149
22712
22610
22611
20135
22713
22716
22620
22714
22715
20136
20137
20138
20139
20143
20119
20120
20121
20122
22622
22624
20124
22625
22701
22722
20144
20101
20102
20103
20104
20189
22025
22026
22718
20151
20152
20153
22030
22031
22032
22033
22034
22035
22036
22037
22038
22039
22040
22041
22042
22043
22044
22046
22626
22627
22640
22060
22652
22623
22630
20155
20156
22720
22637
22066
20158
20159
20168
20169
20170
20171
20172
20190
20191
20192
20194
20195
20196
22095
22096
22723
22639
22724
20175
20176
20177
20178
22725
22726
22736
22642
22079
22199
20180
22067
22101
22102
22103
22106
22107
22108
22109
22709
22711
22719
22727
20108
20109
20110
20111
20112
20113
22643
20115
20116
22644
20117
20118
22645
22649
22728
22646
22729
22121
22122
20181
20182
22081
22082
22116
22119
22730
22125
20128
20129
20131
22731
20132
20134
20160
22134
22135
22732
22733
20140
22734
22735
22118
22650
22737
22746
22738
20141
20142
22739
22740
22749
22009
22015
22150
22151
22152
22153
22156
22158
22159
22160
22161
22654
22655
22656
20163
20164
20165
20166
20167
22741
22641
22657
22742
22743
20198
22660
22172
20130
20184
20185
22027
22124
22180
22181
22182
22183
22185
20186
20187
20188
22747
20197
22663
22601
22602
22603
22604
22748
22191
22192
22193
22194
22195
22664
23301
23001
22920
23821
23002
23003
22922
23004
23005
23302
23303
23483
24411
23009
24412
22923
23011
23915
22810
22924
23304
23015
23306
23018
22811
23307
23824
23308
23409
24413
23021
22427
22428
23917
23827
23919
23828
23022
22812
22815
23920
24415
23921
24416
23024
22432
22456
23922
22433
22435
23310
23419
23429
23313
23829
22436
23314
23315
23830
23027
22437
22438
22509
23030
23923
22901
22902
22903
22904
22905
22906
22907
22908
22909
22910
22911
23924
23941
23316
23320
23321
23322
23323
23324
23325
23326
23327
23328
23831
23836
23832
23838
23336
23337
23833
23032
24421
23899
23927
24422
23035
22442
22443
23834
23038
22446
23837
22931
24426
23341
23345
24430
23930
22820
24431
22932
23039
23934
23040
22448
22821
24432
23043
23839
23846
23840
23936
23841
23842
24433
22451
23843
23047
23937
23844
23938
22454
23050
22935
22936
23347
23845
22824
22827
23847
22937
23939
23350
23482
22938
24435
23901
23909
23943
22460
22939
23822
23850
23055
23056
23851
23354
22401
22402
22403
22404
22405
22406
22407
22408
22412
23856
22940
22830
22463
23857
23058
23059
23060
24438
23061
23062
23014
23063
22942
24439
23356
23942
23357
24440
22943
23064
24441
23065
23066
23067
22469
23068
23359
23630
23651
23661
23662
23663
23664
23665
23666
23667
23668
23669
23670
23681
23069
23389
23070
22801
22802
22803
22807
22848
23071
22471
23072
23107
23155
22472
22570
24442
22473
22831
23860
23395
24445
23076
22476
24448
22480
23397
23866
22945
23398
23867
23870
22481
23083
22946
23401
23944
23084
22947
23947
22482
23085
22485
22544
23086
22488
22833
23694
23950
22501
22503
22504
23089
23868
24450
23090
22834
22507
22948
22508
23092
23404
22511
23093
23170
22949
24457
23952
22835
22952
24458
22840
23872
23405
23102
23160
23103
23105
23106
23407
23408
23109
23110
23111
23116
23954
23410
23873
22513
24459
23112
23113
23114
22514
24460
23115
23117
24463
22517
24464
24465
24468
23192
22957
22520
22558
22581
23045
23119
22523
23120
22841
22524
22842
24437
24467
22843
23413
22958
23412
23414
23123
23415
24469
23124
22844
23125
23601
23602
23603
23604
23605
23606
23607
23608
23609
23612
23628
23874
23126
22526
23501
23502
23503
23504
23505
23506
23507
23508
23509
23510
23511
23512
23513
23514
23515
23517
23518
23519
23520
23521
23523
23529
23541
23551
23127
23025
23128
22959
23955
22528
23396
23416
23129
22529
23417
23130
23418
22530
22960
22989
23131
22845
23358
23420
22963
23958
23421
22534
22832
22846
23801
23803
23804
23805
23806
23959
22964
23138
24471
22535
23701
23702
23703
23704
23705
23707
23708
23709
23139
23875
23960
23140
23422
22847
23423
22965
23141
23962
24472
22538
23876
23963
23964
22539
23424
22542
23966
23075
23173
23218
23219
23220
23221
23222
23223
23224
23225
23226
23227
23228
23229
23230
23231
23232
23233
23234
23235
23236
23237
23238
23241
23242
23249
23250
23255
23260
23261
23269
23273
23274
23276
23278
23279
23282
23284
23285
23286
23288
23289
23290
23291
23292
23293
23294
23295
23297
23298
24473
23146
22967
22976
22545
22968
22546
23147
23023
23148
23161
23031
23149
23150
23153
23426
23967
23427
23154
22969
23696
22547
23878
24474
23108
23156
22548
22849
22971
22850
23879
23968
23430
23431
22972
23970
22552
22551
22553
23881
22430
22554
22555
22556
22973
22851
24401
24402
24476
23882
24477
23162
23432
23433
23434
23435
23436
23437
23438
23439
23883
23163
23884
23885
24479
23440
22560
23441
23399
23442
22565
22853
23168
23169
23443
22974
22567
23079
23175
23180
23887
24482
24483
23974
23450
23451
23452
23453
23454
23455
23456
23457
23458
23459
23460
23461
23462
23463
23464
23465
23466
23467
23471
23479
23480
28145
28146
28147
28575
28773
28774
28775
28577
28581
28578
28459
28467
28468
28469
23176
23888
23177
23178
23889
24484
22572
23890
23891
22980
22576
24485
22577
23091
23181
24486
22987
23183
23893
22578
23184
22579
23081
23185
23186
23187
23188
24487
23486
23894
23487
23488
22580
23190
23976
23897
23690
23691
23692
23693
23898
27006
27910
27201
27202
27501
27502
27523
27539
27007
27203
27204
27205
27805
27806
27915
27916
27503
27807
28604
28691
27917
27808
27809
27207
27009
27810
27811
27919
27208
27504
27010
27812
27209
27813
27814
28605
27213
28606
28607
28608
27011
27505
27214
27506
27507
27508
27215
27216
27217
27509
27920
27921
27229
27510
27511
27512
27513
27518
27519
27816
28609
27230
27231
27514
27515
27516
27517
27599
27817
28610
27520
27527
27528
27012
27013
27233
27521
27922
27923
27924
27235
28611
27925
27818
27819
28612
28613
27820
27014
27926
27927
27522
28615
27928
28616
28617
27929
27016
28618
27239
27017
28619
27701
27702
27703
27704
27705
27706
27707
27708
27709
27710
27711
27712
27713
27715
27717
27722
27242
27018
27288
27289
27932
27821
27243
27906
27907
27909
28621
28622
27822
27244
27823
27824
28623
27247
27935
27825
27826
27827
27828
28624
28626
27829
27524
27525
27248
27830
27936
27526
27529
27831
27832
27937
27938
27019
27249
28627
28628
28629
27530
27531
27532
27533
27534
27252
27253
27939
28630
28631
27401
27402
27403
27404
27405
27406
27407
27408
27409
27410
27411
27412
27413
27415
27416
27417
27419
27420
27425
27427
27429
27435
27438
27455
27495
27497
27498
27499
27833
27834
27835
27836
27858
27837
27256
27839
27840
27020
27941
28634
27942
27841
27943
27258
28635
27536
27537
27842
27930
27944
28601
28602
28603
28636
27259
27260
27261
27262
27263
27264
27265
28637
27278
27946
27843
27844
27540
28638
27541
28666
27845
27281
27282
27846
27947
28640
28641
28642
27283
27847
27542
27284
27285
27948
27021
27543
27544
27949
27545
27950
28643
28644
28672
27022
27291
28633
28645
27849
27023
27292
27293
27294
27295
27298
27546
28646
28647
27299
27850
27549
27024
27851
28649
27301
27852
27551
27025
28650
27552
27953
27978
27553
27954
27956
27853
27027
27302
27957
27555
27556
27557
28651
27305
28652
27028
27559
28653
28654
28655
28680
27560
27030
27031
27306
27958
27855
27959
27856
27562
28657
28658
27563
28656
28659
27857
27310
27960
28660
27565
27860
28661
27311
27862
27040
27863
27041
27042
27568
28662
27864
27865
28663
27043
27228
27312
27313
27866
28664
27962
27964
27965
27867
27966
27967
27569
27314
27315
28665
27601
27602
27603
27604
27605
27606
27607
27608
27609
27610
27611
27612
27613
27614
27615
27616
27617
27619
27620
27621
27622
27623
27624
27625
27626
27627
27628
27629
27634
27635
27636
27640
27650
27656
27658
27661
27668
27675
27676
27690
27695
27697
27698
27699
27316
27317
27868
27320
27323
28667
27869
27570
27870
28668
28669
27325
27861
27871
27801
27802
27803
27804
27815
27968
27972
27982
27969
27571
28670
27970
27572
27573
27574
27872
27326
27045
27094
27098
27099
28671
27046
27237
27330
27331
27332
27873
27340
27874
28699
27875
27876
27341
27342
27576
27343
27877
27878
27973
28673
27974
27344
27047
27879
27880
27577
27349
27350
27976
27351
28675
27881
27882
27355
27883
27356
28676
28625
28677
28687
27581
27884
27357
27048
28678
27582
28679
27358
27979
27885
27359
27886
28681
28682
27360
27361
28683
27887
27583
27049
27050
28684
27584
28685
27370
27371
28688
27980
28689
28690
27586
28692
27587
27588
27051
27373
27052
27888
27981
28693
27589
27889
27374
27890
27591
27375
27376
27053
28694
27891
27377
28697
27892
27592
27893
27894
27895
27896
27593
27983
27985
27101
27102
27103
27104
27105
27106
27107
27108
27109
27110
27111
27113
27114
27115
27116
27117
27120
27127
27130
27150
27152
27155
27157
27198
27199
27986
27594
27897
27054
27055
27212
27379
27596
27597
28698
28315
28001
28002
28508
28701
28006
28509
28702
28901
28007
28510
28704
28420
28801
28802
28803
28804
28805
28806
28810
28813
28814
28815
28816
28421
28511
28512
28318
28513
28009
28705
28707
28708
28010
28709
28710
28515
28516
28012
28016
28518
28711
28320
28017
28422
28423
28018
28902
28712
28519
28424
28713
28323
28425
28714
28325
28326
28715
28716
28019
28428
28327
28020
28717
28429
28520
28718
