87701
87745
87823
88338
87029
88255
88426
88009
88045
88055
87544
87545
87031
87551
88256
88260
88262
87824
88427
87032
87825
88263
88264
87728
88339
87548
88124
88340
88046
88047
88048
88072
87730
88125
88049
87731
87939
88265
87732
87035
87056
87070
87733
87036
88051
87018
87037
88430
87419
88431
87038
88341
87734
87549
88052
88342
87040
87552
87041
87072
87083
87553
88126
87042
87068
87554
88343
87827
88344
87043
87828
88114
88130
87045
87829
87556
88054
87736
87321
87357
87557
87740
87558
87322
87830
87560
87940
87742
88056
88132
88201
88202
88203
87538
87562
87743
88345
88355
88346
88347
87941
87831
87832
87564
87047
87034
87049
88411
88434
87565
87566
88058
88348
87051
87567
87501
87502
87503
87504
87505
87506
87507
87508
87509
87540
87592
87594
88435
87052
87044
87053
88436
87569
87420
87455
87461
88022
88036
88053
88061
88062
87801
87746
87729
87747
88008
88063
88349
88134
87525
87571
87580
88213
88267
87573
87574
88135
87323
87365
87575
87059
88351
87320
87325
87364
87060
87061
88439
87577
87901
88401
88416
88433
88352
88065
87749
87543
87579
87581
88353
87062
87582
87583
87735
87752
87421
87750
87753
88354
88268
87942
87943
88136
87064
87327
79821
96101
96103
96140
96104
96105
96106
96107
96108
96109
96110
96111
96112
96113
96141
96142
96114
96136
96143
96115
96116
96117
96118
96119
96120
96121
96122
96129
96123
96132
96124
96125
96126
96150
96151
96152
96154
96155
96156
96157
96158
96128
96127
96130
96145
96146
96148
96133
96160
96161
96162
96134
96135
96137
89001
89017
89020
89310
89311
89820
89003
89004
89005
89006
89007
89008
89821
89822
89701
89702
89703
89704
89705
89706
89711
89712
89713
89714
89721
89402
89450
89451
89452
89403
89823
89404
89010
89801
89802
89803
89815
89828
89301
89314
89315
89405
89316
89406
89407
89496
89408
89409
89410
89460
89411
89412
89413
89414
89013
89415
89002
89009
89011
89012
89014
89015
89016
89044
89052
89053
89074
89077
89418
89018
89070
89825
89826
89019
89026
88901
88905
89054
89101
89102
89103
89104
89105
89106
89107
89108
89109
89110
89111
89112
89113
89114
89115
89116
89117
89118
89119
89120
89121
89122
89123
89124
89125
89126
89127
89128
89129
89130
89131
89132
89133
89134
89135
89136
89137
89138
89139
89140
89141
89142
89143
89144
89145
89146
89147
89148
89149
89150
89151
89152
89153
89154
89155
89156
89157
89158
89159
89160
89161
89162
89163
89164
89165
89166
89169
89170
89173
89177
89178
89179
89180
89183
89185
89191
89193
89195
89199
89028
89029
89021
89419
89317
89420
89421
89318
89022
89023
89024
89027
89034
89422
89423
89025
89037
89067
89830
89831
89424
89030
89031
89032
89033
89036
89081
89084
89085
89086
89087
89425
89040
89832
89041
89048
89060
89061
89042
89426
89043
89501
89502
89503
89504
89505
89506
89507
89508
89509
89510
89511
89512
89513
89515
89519
89520
89521
89523
89533
89555
89557
89570
89595
89599
89045
89319
89427
89039
89046
89428
89047
89429
89430
89431
89432
89433
89434
89435
89436
89441
89049
89834
89438
89439
89440
89442
89444
89833
89835
89883
89445
89446
89447
89448
89449
97810
97620
97901
97406
97321
97322
97407
97324
97409
97101
97001
97812
97861
97902
97520
97711
97103
97813
97325
97002
97410
97814
97411
97106
97109
97125
97621
97004
97005
97006
97007
97008
97075
97076
97077
97701
97702
97707
97708
97709
97326
97413
97622
97818
97623
97009
97089
97010
97011
97414
97415
97712
97327
97710
97720
97721
97722
97736
97522
97730
97013
97102
97110
97145
97820
97417
97111
97014
97329
97523
97531
97731
97419
97624
97639
97015
97086
97016
97108
97112
97149
97017
97018
97823
97420
97423
97019
97113
97330
97331
97333
97339
97424
97824
97335
97732
97336
97733
97426
97734
97338
97429
97114
97825
97430
97341
97342
97431
97432
97020
97434
97435
97904
97021
97115
97905
97022
97524
97826
97343
97827
97436
97437
97828
97023
97401
97402
97403
97404
97405
97408
97412
97440
97455
97024
97344
97439
97116
97117
97626
97735
97830
97345
97441
97118
97119
97026
97737
97027
97442
97443
97444
97525
97028
97347
97526
97527
97528
97543
97029
97030
97080
97833
97834
97348
97121
97906
97446
97122
97835
97836
97839
97837
97838
97123
97124
97738
97031
97032
97907
97350
97447
97841
97876
97842
97351
97843
97844
97530
97909
97352
97819
97845
97910
97846
97448
97911
97917
97627
97033
97848
97601
97602
97603
97604
97625
97127
97850
97034
97035
97449
97630
97637
97450
97739
97355
97367
97388
97856
97451
97857
97438
97452
97358
97384
97128
97741
97632
97130
97453
97454
97036
97037
97501
97502
97503
97504
97532
97633
97634
97346
97360
97862
97750
97038
97361
97456
97864
97039
97040
97362
97041
97865
97042
97533
97457
97458
97131
97364
97132
97635
97365
97366
97369
97459
97133
97867
97461
97913
97462
97463
97534
97134
97044
97914
97464
97045
97368
97840
97135
97636
97751
97801
97859
97370
97535
97868
97201
97202
97203
97204
97205
97206
97207
97208
97209
97210
97211
97212
97213
97214
97215
97216
97217
97218
97219
97220
97221
97222
97223
97224
97225
97227
97228
97229
97230
97231
97232
97233
97236
97238
97239
97240
97242
97256
97258
97266
97267
97268
97269
97280
97281
97282
97283
97286
97290
97291
97292
97293
97294
97296
97298
97465
97752
97753
97466
97817
97869
97754
97536
97048
97756
97467
97049
97870
97371
97469
97758
97136
97537
97470
97471
97050
97373
97051
97053
97054
97137
97301
97302
97303
97304
97305
97306
97307
97308
97309
97310
97311
97312
97314
97317
97055
97056
97374
97473
97375
97138
97538
97873
97539
97057
97377
97378
97140
97357
97380
97638
97641
97381
97759
97476
97874
97477
97478
97875
97383
97385
97640
97877
97479
97386
97480
97540
97389
97481
97760
97058
97390
97107
97141
97143
97484
97144
97391
97541
97060
97062
97392
97063
97880
97882
97486
97883
97884
97903
97908
97918
97487
97064
97488
97376
97394
97885
97489
97490
97761
97146
97065
97491
97067
97920
97492
97493
97068
97886
97147
97494
97396
97544
97070
97495
97416
97496
97497
97071
97498
97148
97499
98601
98602
98603
98604
98605
98606
98607
98609
98610
98611
98612
98614
98616
98617
98619
98613
98620
98622
98623
98624
98625
98626
98628
98670
98629
98631
98637
98632
98635
98638
98639
98640
98641
98642
98621
98643
98644
98647
98648
98645
98649
98650
98651
98660
98661
98662
98663
98664
98665
98666
98668
98682
98683
98684
98685
98686
98687
98671
98672
98673
98674
98675
83520
83801
83802
83803
83804
83805
83806
83808
83810
83811
83813
83814
83815
83816
83821
83522
83533
83523
83524
83548
83823
83824
83825
83826
83525
83827
83526
83812
83830
83832
83530
83531
83833
83842
83834
83835
83836
83535
83536
83837
83537
83839
83539
83841
83540
83541
83501
83542
83843
83844
83845
83846
83847
83865
83543
83848
83544
83849
83545
83546
83850
83851
83547
83840
83852
83853
83854
83877
83855
83822
83856
83857
83858
83549
83809
83860
83861
83864
83866
83867
83868
83869
83552
83870
83871
83872
83873
83874
83553
83554
83555
83876
98520
98220
99101
98522
99001
99102
98524
99103
98526
98221
98222
99401
98811
98223
98304
99402
98001
98002
98003
98023
98047
98063
98071
98092
98093
98224
98527
98305
98528
98004
98005
98006
98007
98008
98009
98015
98225
98226
98227
98228
98229
99320
99321
99322
98010
98230
98231
98011
98012
98021
98028
98041
98082
98232
98310
98311
98312
98314
98337
98812
98813
98320
98920
98321
98530
98921
99323
98322
98233
98323
98324
98814
98014
98815
98531
99003
98532
98816
98817
99004
99109
98325
98533
98326
99403
99110
98235
98922
98236
99005
99111
99324
99113
99114
98819
98237
99326
98238
98535
98536
98537
99115
99116
98239
98923
99117
99147
99118
98538
99119
98240
99121
98241
99122
99328
98243
99006
98244
99329
98539
98821
98303
98327
98019
98540
98925
98245
98328
98020
98026
99008
98330
99123
99009
98926
98950
98541
99124
99330
99125
98822
98022
98823
98542
98201
98203
98204
98205
98206
98207
98208
98213
98247
98276
99011
99012
98024
99104
99128
98248
99013
98331
99014
98333
98249
98250
98544
99130
99131
98329
98332
98335
98336
98251
98338
99133
98930
98932
98252
98546
98547
99016
98253
98255
98340
98933
99134
99154
99135
98025
98548
99333
98550
98552
99129
99137
99138
98256
98342
99139
98027
98029
98075
98343
99335
98344
99140
99336
99337
99338
98030
98031
98032
98035
98042
98064
98089
99107
99126
99141
99160
98345
98346
98033
98034
98083
98934
98257
99105
99136
99143
98348
98349
98351
98258
98259
98260
98350
99018
99146
98826
98554
99019
98555
99341
98556
98827
99148
98261
98262
98263
98264
98036
98037
98046
98087
98557
98558
98935
98828
99149
99150
98559
98829
98353
98830
98831
98266
98038
98267
99151
98832
99020
98270
98271
98560
99021
99022
98039
98561
98040
99343
99152
99153
98834
98354
98355
98562
98836
98272
98563
98356
98837
98564
98043
98273
98274
98936
98275
98937
98565
98357
98566
99155
99025
99156
99026
99034
98358
98045
99157
99158
98277
98278
98568
98569
99144
99159
98840
98359
98279
98501
98502
98503
98504
98505
98506
98507
98508
98509
98511
98512
98513
98516
98599
98841
98570
98280
98843
98844
98360
99344
99349
99027
98938
98571
98361
98845
99161
98939
99301
99302
98846
99345
98572
98847
99346
98281
99347
98362
98363
98364
98339
98365
98366
98367
98378
98368
98370
99348
98050
99350
99163
99164
98371
98372
98373
98374
98375
98376
98824
98848
98575
98576
98377
98051
98577
99029
98052
98053
98073
98074
98055
98056
98057
98058
98059
99166
99167
99352
99353
99354
99169
98849
98579
99030
98850
98283
98061
98940
99356
99170
98941
98580
99357
98581
99171
99176
98582
98583
98380
98062
98101
98102
98103
98104
98105
98106
98107
98108
98109
98110
98111
98112
98113
98114
98115
98116
98117
98118
98119
98121
98122
98124
98125
98126
98127
98129
98131
98132
98133
98134
98136
98138
98139
98141
98144
98145
98146
98148
98154
98155
98158
98160
98161
98164
98165
98166
98168
98170
98174
98175
98177
98178
98181
98185
98188
98189
98190
98191
98194
98195
98198
98199
98284
98381
98942
98382
98286
98584
98287
98585
98315
98383
98288
98290
98291
98296
98065
98068
98851
98586
98943
98384
98385
98386
98387
99031
99201
99202
99203
99204
99205
99206
99207
99208
99209
99210
99211
99212
99213
99214
99215
99216
99217
99218
99219
99220
99223
99224
99228
99251
99252
99256
99258
99260
99299
99017
99032
99173
98282
98292
99359
98293
98852
99174
98853
98294
98295
98352
98390
98391
98944
98392
98388
98397
98398
98401
98402
98403
98404
98405
98406
98407
98408
98409
98411
98412
98413
98415
98416
98417
98418
98419
98421
98422
98424
98430
98431
98433
98438
98439
98443
98444
98445
98446
98447
98448
98464
98465
98466
98467
98471
98481
98490
98493
98496
98497
98498
98499
98587
98588
99033
98589
98946
98947
98590
98591
98855
98948
99360
98393
98856
98592
99179
99180
98593
99181
99023
99036
98013
98070
98394
99037
99361
98297
99362
99363
98951
98857
99371
98858
98859
98395
99039
99040
98801
98802
98807
98595
98952
99185
98396
98860
98596
98833
98862
98072
98077
98901
98902
98903
98904
98907
98908
98909
98597
98953
99551
99552
99553
99554
99555
99720
99786
99721
99501
99502
99503
99504
99505
99506
99507
99508
99509
99510
99511
99513
99514
99515
99516
99517
99518
99519
99520
99521
99522
99523
99524
99529
99530
99540
99599
99695
99556
99820
99557
99558
99722
99723
99734
99759
99789
99791
99724
99559
99637
99679
99680
99690
99726
99785
99727
99729
99730
99561
99563
99732
99548
99564
99565
99566
99567
99733
99568
99569
99546
99571
99572
99573
99574
99677
99921
99575
99736
99731
99737
99576
99738
99577
99578
99579
99580
99825
99739
99581
99666
99725
99701
99702
99703
99705
99706
99707
99708
99709
99710
99711
99712
99714
99716
99767
99775
99790
99583
99585
99740
99788
99586
99741
99742
99587
99693
99588
99589
99590
99826
99827
99743
99755
99602
99603
99829
99604
99605
99745
99746
99922
99923
99606
99647
99801
99802
99803
99811
99812
99821
99824
99850
99830
99747
99607
99748
99608
99609
99610
99611
99635
99901
99903
99918
99919
99950
99749
99612
99549
99613
99614
99750
99925
99751
99615
99619
99697
99620
99752
99753
99754
99621
99545
99622
99757
99624
99625
99626
99627
99675
99691
99756
99628
99630
99926
99758
99631
99632
99633
99634
99704
99744
99760
99636
99638
99639
99761
99762
99640
99763
99764
99765
99641
99643
99644
99645
99832
99648
99833
99649
99650
99651
99927
99766
99653
99550
99655
99656
99768
99657
99658
99659
99591
99660
99661
99769
99662
99770
99663
99664
99665
99771
99772
99773
99835
99836
99840
99667
99668
99669
99670
99671
99672
99774
99674
99676
99777
99778
99841
99678
99776
99780
99681
99682
99684
99547
99685
99692
99686
99781
99782
99783
99928
99623
99629
99652
99654
99687
99694
99784
99683
99688
99929
99689
90201
90202
90270
90209
90210
90211
90212
90213
90220
90221
90222
90223
90224
90230
90231
90232
90233
90239
90240
90241
90242
90245
90247
90248
90249
90250
90251
90255
90301
90302
90303
90304
90305
90306
90307
90308
90309
90310
90311
90312
90260
90261
90001
90002
90003
90004
90005
90006
90007
90008
90009
90010
90011
90012
90013
90014
90015
90016
90017
90018
90019
90020
90021
90022
90023
90024
90025
90026
90027
90028
90029
90030
90031
90032
90033
90034
90035
90036
90037
90038
90039
90040
90041
90042
90043
90044
90045
90046
90047
90048
90049
90050
90051
90052
90053
90054
90055
90056
90057
90058
90059
90060
90061
90062
90063
90064
90065
90066
90067
90068
90069
90070
90071
90072
90073
90074
90075
90076
90077
90078
90079
90080
90081
90082
90083
90084
90086
90087
90088
90089
90090
90091
90093
90094
90095
90096
90099
90101
90103
90189
90262
90263
90264
90265
90266
90267
90272
90274
90275
90254
90277
90278
90401
90402
90403
90404
90405
90406
90407
90408
90409
90410
90411
90280
90290
90291
90292
90293
90294
90295
90296
93510
91301
91376
91377
93201
91001
91003
91006
91007
91066
91077
93202
93420
93421
93203
93422
93423
93204
93424
93301
93302
93303
93304
93305
93306
93307
93308
93309
93311
93312
93313
93314
93380
93383
93384
93385
93386
93387
93388
93389
93390
93513
93512
93514
93515
93205
93516
93596
93426
93517
93427
91501
91502
91503
91504
91505
91506
91507
91508
91510
91521
91522
91523
91526
93206
93518
93207
93010
93011
93012
93428
93435
91303
91304
91305
91306
91307
91308
91309
91396
93013
93014
93429
93430
91311
91313
93210
93212
93282
93432
93522
93215
93216
91008
91009
91010
93218
93219
93220
93523
93524
93221
93223
93224
93015
93016
93222
93225
91201
91202
91203
91204
91205
91206
91207
91208
91209
91210
91214
91221
91222
91224
91225
91226
93226
93227
93433
93483
93434
93230
93232
93234
93526
93527
93542
93235
93528
93554
93558
93529
93530
93531
93238
93239
91011
91012
91023
93532
93240
93241
93534
93535
93536
93539
93584
93586
93242
93243
93541
93244
93245
93246
93247
93543
93544
93436
93437
93438
93545
93440
93441
93249
93250
93251
93546
93252
93501
93502
93504
93505
93519
91016
91017
91020
91021
93020
93021
93442
93443
93254
93444
91601
91602
91603
91604
91605
91606
91607
91608
91609
91610
91611
91612
91614
91615
91616
91617
91618
91324
91325
91326
91327
91328
91329
91330
93022
93445
93475
93023
93024
93549
93255
93030
93031
93032
93033
93034
93035
93036
91331
91333
91334
93550
93551
93552
93590
93591
93599
91101
91102
91103
91104
91105
91106
91107
91108
91109
91110
91114
91115
91116
91117
91118
91121
91123
91124
91125
91126
91129
91182
91184
91185
91188
91189
91199
93446
93447
93553
93563
93040
93448
93449
93256
93257
93258
93041
93042
93043
93044
93260
91335
91337
93261
93555
93556
93560
93450
91340
91341
91342
91343
91344
91345
91346
91392
91393
91394
91395
93401
93402
93403
93405
93406
93407
93408
93409
93410
93412
93451
93452
93101
93102
93103
93105
93106
93107
93108
93109
93110
93111
93116
93117
93118
93120
93121
93130
93140
93150
93160
93190
93199
91310
91321
91322
91350
91351
91354
91355
91380
91381
91382
91383
91384
91385
91386
91387
91390
93453
93454
93455
93456
93457
93458
93060
93061
93460
93262
93263
93461
91024
91025
93062
93063
93064
93065
93094
93099
93463
93464
93066
91030
91031
93208
93265
93266
93267
93067
91040
91041
91352
91353
93268
91356
91357
93561
93581
93465
93270
91319
91320
91358
91359
91360
91361
91362
93237
93271
93272
93562
93592
91042
91043
93274
93275
93276
91316
91401
91402
91403
91404
91405
91406
91407
91408
91409
91410
91411
91412
91413
91416
91423
91426
91436
91470
91482
91495
91496
91499
93001
93002
93003
93004
93005
93006
93007
93009
91046
93277
93278
93279
93290
93291
93292
93280
93283
93285
93286
91302
91364
91365
91367
91371
91372
93287
92301
92536
91901
91903
92304
92305
92539
92307
92308
92309
92364
92366
92220
92222
92310
92311
92312
92223
92314
92386
92315
92316
92317
92225
92226
92280
91902
91908
92003
92004
91905
92227
92318
92230
92282
92231
92232
92320
92233
91906
92008
92009
92010
92011
92013
92018
92234
92235
92321
91909
91910
91911
91912
91913
91914
91915
91921
92323
92236
92313
92324
92322
92325
92326
92327
92328
92014
91916
92239
92240
92241
91917
92242
92019
92020
92021
92022
92243
92244
92007
92023
92024
92025
92026
92027
92029
92030
92033
92046
92332
92028
92088
92333
92331
92334
92335
92336
92337
92339
92249
92342
92543
92544
92545
92546
92340
92344
92345
92346
92347
92250
92548
92549
92251
91932
91933
92201
92202
92203
91934
91935
92252
92036
92037
92038
92039
92092
92093
92352
92530
92531
92532
92040
91941
91942
91943
91944
92247
92248
92253
91945
91946
92350
92354
92357
92356
92358
92254
92359
92551
92552
92553
92554
92555
92556
92557
92256
92561
91948
92562
92563
92564
91947
91950
91951
92363
92338
92365
92257
92258
92567
92049
92051
92052
92054
92055
92056
92057
92058
92068
92259
92368
92210
92211
92255
92260
92261
92262
92263
92264
92060
92266
92267
92369
92059
92061
92570
92571
92572
92599
92329
92371
91931
91962
92372
92268
91963
92064
92074
92065
92270
92067
92091
92373
92374
92375
92376
92377
92378
92501
92502
92503
92504
92505
92506
92507
92508
92509
92513
92514
92515
92516
92517
92518
92519
92521
92522
92341
92382
92401
92402
92403
92404
92405
92406
92407
92408
92410
92411
92412
92413
92414
92415
92418
92423
92424
92427
92101
92102
92103
92104
92105
92106
92107
92108
92109
92110
92111
92112
92113
92114
92115
92116
92117
92118
92119
92120
92121
92122
92123
92124
92126
92127
92128
92129
92130
92131
92132
92134
92135
92136
92137
92138
92139
92140
92142
92143
92145
92147
92149
92150
92152
92153
92154
92155
92158
92159
92160
92161
92162
92163
92164
92165
92166
92167
92168
92169
92170
92171
92172
92173
92174
92175
92176
92177
92178
92179
92182
92184
92186
92187
92190
92191
92192
92193
92195
92196
92197
92198
92199
92581
92582
92583
92069
92078
92079
92096
92070
92071
92072
92273
92384
92385
92075
91976
91977
91978
91979
92584
92585
92586
92587
91980
91987
92389
92589
92590
92591
92592
92593
92274
92275
92276
92277
92278
92391
92082
92392
92393
92394
92395
92081
92083
92084
92085
92066
92086
92281
92595
92596
92283
92397
92398
92399
92284
92285
92286
91714
91715
91716
91801
91802
91803
91804
91896
91899
92801
92802
92803
92804
92805
92806
92807
92808
92809
92812
92814
92815
92816
92817
92825
92850
92899
90701
90702
90703
92811
90704
91702
91706
90706
90707
92821
92822
92823
90620
90621
90622
90623
90624
91708
91710
91709
91711
92877
92878
92879
92880
92881
92882
92883
92625
92626
92627
92628
91722
91723
91724
90630
92624
92629
91731
91732
91733
91734
91735
92609
92630
92831
92832
92833
92834
92835
92836
92837
92838
92840
92841
92842
92843
92844
92845
92846
91740
91741
91743
90710
92605
92615
92646
92647
92648
92649
92602
92603
92604
92606
92612
92614
92616
92617
92618
92619
92620
92623
92650
92697
92607
92637
92651
92652
92653
92654
92656
92677
92698
90631
90632
90633
90711
90712
90713
90714
90715
90716
90637
90638
90639
91744
91745
91746
91747
91748
91749
91750
90717
90745
90746
90747
90749
90755
90801
90802
90803
90804
90805
90806
90807
90808
90809
90810
90813
90814
90815
90822
90831
90832
90833
90834
90835
90840
90842
90844
90846
90847
90848
90853
90895
90899
90720
90721
91752
91763
90640
91754
91755
91756
91759
92657
92658
92659
92660
92661
92662
92663
92860
90650
90651
90652
91758
91761
91762
91764
92856
92857
92859
92861
92862
92863
92864
92865
92866
92867
92868
92869
90723
90660
90661
90662
92870
92871
91765
91766
91767
91768
91769
91701
91729
91730
91737
91739
91770
91771
91772
92672
92673
92674
91773
91775
91776
91778
92675
92690
92691
92692
92693
92694
90731
90732
90733
90734
92701
92702
92703
92704
92705
92706
92707
92708
92711
92712
92725
92728
92735
92799
90670
90671
90740
92676
90680
90742
90743
91780
90501
90502
90503
90504
90505
90506
90507
90508
90509
90510
92610
92678
92679
92688
92780
92781
92782
91784
91785
91786
91788
91789
91795
91790
91791
91792
91793
92655
92683
92684
92685
90601
90602
90603
90604
90605
90606
90607
90608
90609
90610
90744
90748
92885
92886
92887
95410
95511
95412
95518
95519
95521
95524
94002
94920
95514
95525
94922
94923
94924
95415
95416
95526
94005
94010
94011
95527
95419
95528
95421
95422
95423
95424
95425
95426
95427
94925
94976
94926
94927
94928
94931
95428
95531
95532
95538
94014
94015
94016
94017
94929
95430
95431
94018
95432
95433
95501
95502
95503
95534
94930
94978
95536
95537
95435
94933
95436
95420
95437
95488
95540
95439
95542
95543
95441
95442
95443
95444
95445
95497
95446
95471
94019
95448
95545
95546
95449
95547
94937
95450
95451
95452
95548
95549
95550
94938
94020
95453
94939
94977
95417
95454
95585
95456
95551
94021
94022
94023
94024
95457
95458
95552
95459
94940
95460
94025
94026
94027
94028
95461
95467
94030
94941
94942
95553
94037
95462
94038
94035
94039
94040
94041
94042
94043
95554
94946
95464
94945
94947
94948
94949
94998
95465
94950
95555
95556
95568
94044
94301
94302
94303
94304
94305
94306
94309
94951
94060
94952
94953
94954
94955
94975
94999
95558
95559
95463
95466
95587
95468
94956
95469
95569
95560
94061
94062
94063
94064
94065
95470
95562
94957
95563
95564
94960
94979
94066
94070
94102
94103
94104
94105
94107
94108
94109
94110
94111
94112
94114
94115
94116
94117
94118
94119
94120
94121
94122
94123
94124
94125
94126
94127
94128
94129
94130
94131
94132
94133
94134
94137
94139
94140
94141
94142
94143
94144
94145
94146
94147
94151
94153
94154
94156
94158
94159
94160
94161
94162
94163
94164
94171
94172
94177
94188
94963
94074
94401
94402
94403
94404
94497
94964
94974
94901
94903
94904
94912
94913
94914
94915
95401
95402
95403
95404
95405
95406
95407
95409
94965
94966
95565
95472
95473
95567
95476
94080
94083
95480
94970
94085
94086
94087
94088
94089
95481
94971
95570
95418
95482
95485
95493
94972
95486
95487
95571
95589
95429
95490
95573
95492
94973
95494
95595
94501
94502
94507
95002
94508
94576
94509
94531
95001
95003
95004
94510
95005
94701
94702
94703
94704
94705
94706
94707
94708
94709
94710
94712
94720
94511
93920
94512
95006
94513
95007
94505
94514
94515
95008
95009
95011
94516
95010
93921
93922
93923
93924
95012
93925
94517
94518
94519
94520
94521
94522
94523
94524
94527
94529
94525
95014
95015
94506
94526
95017
94528
94530
94533
94534
94535
95018
95019
94536
94537
94538
94539
94555
95020
95021
93926
93927
94540
94541
94542
94543
94544
94545
94546
94552
94557
95023
95024
93928
93930
94548
94549
94550
94551
93932
95030
95031
95032
95033
93933
94553
95035
95036
93940
93942
93943
93944
94556
94570
94575
95037
95038
95039
95041
94558
94559
94581
95042
94560
94601
94602
94603
94604
94605
94606
94607
94608
94609
94610
94611
94612
94613
94614
94615
94617
94618
94619
94620
94621
94622
94623
94624
94649
94659
94660
94661
94662
94666
94561
94562
94563
93950
95043
93953
94564
94565
94566
94568
94588
94567
94569
95026
95044
94801
94802
94803
94804
94805
94806
94807
94808
94820
94850
94571
94547
94572
94573
94574
93901
93902
93905
93906
93907
93908
93912
93915
93962
95013
95101
95103
95106
95108
95109
95110
95111
95112
95113
95115
95116
95117
95118
95119
95120
95121
95122
95123
95124
95125
95126
95127
95128
95129
95130
95131
95132
95133
95134
95135
95136
95138
95139
95140
95141
95148
95150
95151
95152
95153
95154
95155
95156
95157
95158
95159
95160
95161
95164
95170
95172
95173
95190
95191
95192
95193
95194
95196
95045
94577
94578
94579
94580
93954
95046
94582
94583
95050
95051
95052
95053
95054
95055
95056
95060
95061
95062
95063
95064
95065
95066
95067
95070
95071
93955
93960
95073
94585
94586
95075
94587
94503
94589
94590
94591
94592
94595
94596
94597
94598
95076
95077
94599
95220
96006
93601
95910
95701
95715
95601
96007
95221
95222
95703
95912
95223
95913
95301
93602
95602
95603
95604
95224
95303
95914
93604
93669
96008
95916
96009
96010
96011
93605
95917
95305
93606
95606
95918
95919
96013
95225
95920
96014
95709
95922
96015
93608
95923
95608
95609
93609
96016
96017
95306
95924
96019
96079
96089
95307
95925
96020
95712
95926
95927
95928
95929
95973
95976
95309
93610
95610
95611
95621
95612
95227
95930
95981
93611
93612
93613
93619
93614
95713
95613
95310
95932
95614
95228
96021
96029
96022
95311
95615
95934
95312
95313
93615
95616
95617
95618
95315
93616
95316
95619
93618
95620
95935
96023
93620
96024
95936
93621
95937
96025
95938
95958
95714
95623
95939
95624
95757
95758
95759
95625
95317
95318
95626
95319
95320
95607
95627
96027
95628
96028
95230
95629
93622
93623
93624
95630
95671
95762
95763
95941
95631
95942
96031
96032
93625
95231
96033
93650
93701
93702
93703
93704
93705
93706
93707
93708
93709
93710
93711
93712
93714
93715
93716
93717
93718
93720
93721
93722
93723
93724
93725
93726
93727
93728
93729
93730
93737
93740
93741
93744
93745
93747
93750
93755
93760
93761
93764
93765
93771
93772
93773
93774
93775
93776
93777
93778
93779
93786
93790
93791
93792
93793
93794
93844
93888
93626
95632
95633
96034
95634
96035
95232
95943
95717
95944
95945
95949
96037
95947
95635
96038
95948
95950
95636
95321
95637
95679
95322
95951
96039
96040
95233
96041
93627
95638
95323
95324
95234
95639
96044
95325
95326
96046
96047
95640
95641
95642
95654
95327
96048
93630
95328
93631
96050
95645
95720
95329
96051
96070
95330
95333
96052
95648
95236
95953
95334
95237
95240
95241
95242
95335
96054
95650
93635
96055
95651
96056
96057
96058
93636
93637
93638
93639
95653
95954
95336
95337
96059
95338
95901
95903
95955
95956
95722
93640
95340
95341
95343
95344
95348
95957
95345
96062
96061
96063
93603
93628
93633
93641
95346
95347
95350
95351
95352
95353
95354
95355
95356
95357
95358
95397
95245
96064
96065
95246
96067
95656
95675
95229
95247
95959
95658
95360
95659
93643
95652
95660
95960
96068
95361
93644
96069
96071
95961
93645
93646
93675
95662
95962
95963
93647
95915
95940
95965
95966
95980
95968
96073
95967
95969
93648
96074
95363
95663
93649
95664
95364
95375
95665
95644
95646
95666
95667
95365
96076
95668
95669
95726
93651
95970
96078
95971
95972
95248
93652
95655
95670
95741
95742
93653
96075
96080
96001
96002
96003
96049
96099
93654
95672
95974
95673
95674
95366
95367
93607
93656
95676
95677
95765
95661
95678
95746
95747
95946
95975
96084
95680
94203
94204
94205
94206
94207
94208
94209
94211
94229
94230
94232
94234
94235
94236
94237
94239
94240
94244
94245
94246
94247
94248
94249
94250
94252
94254
94256
94257
94258
94259
94261
94262
94263
94267
94268
94269
94271
94273
94274
94277
94278
94279
94280
94282
94283
94284
94285
94286
94287
94288
94289
94290
94291
94293
94294
94295
94296
94297
94298
94299
95811
95812
95813
95814
95815
95816
95817
95818
95819
95820
95821
95822
95823
95824
95825
95826
95827
95828
95829
95830
95831
95832
95833
95834
95835
95836
95837
95838
95840
95841
95842
95843
95851
95852
95853
95860
95864
95865
95866
95867
95887
95894
95899
95368
95249
93657
93660
93661
96085
96086
93662
96087
96095
93634
93642
93664
95681
95682
96088
95683
95977
95369
95724
95728
95684
95370
95373
95372
93665
95374
95978
95201
95202
95203
95204
95205
95206
95207
95208
95209
95210
95211
95212
95213
95215
95219
95267
95269
95296
95297
95979
93666
95982
95685
95699
95983
96090
95686
93667
95304
95376
95377
95378
95385
95391
93668
93673
96091
95379
95380
95381
95382
95984
95383
95721
95735
95687
95688
95696
95251
95226
95252
95253
96092
95689
95254
95690
95986
95386
96093
96094
95736
95387
95255
95605
95691
95798
95799
95692
96096
95987
95988
95257
95693
95694
95388
95258
95695
95776
93670
95697
95389
96097
95991
95992
95993
95698
96910
96912
96913
96915
96916
96917
96919
96921
96923
96928
96929
96931
96932
96701
96861
96703
96751
96704
96737
96705
96706
96708
96710
96712
96713
96714
96716
96717
96718
96719
96720
96721
96725
96726
96727
96801
96802
96803
96804
96805
96806
96807
96808
96809
96810
96811
96812
96813
96814
96815
96816
96817
96818
96819
96820
96821
96822
96823
96824
96825
96826
96828
96830
96836
96837
96838
96839
96840
96841
96843
96844
96846
96847
96848
96849
96850
96853
96858
96859
96860
96898
96728
96729
96730
96731
96732
96733
96734
96863
96739
96740
96745
96741
96742
96738
96743
96744
96746
96755
96747
96748
96749
96750
96752
96753
96722
96754
96756
96757
96790
96759
96760
96761
96767
96762
96763
96764
96773
96774
96765
96715
96766
96768
96788
96769
96770
96771
96772
96776
96777
96778
96779
96780
96781
96782
96783
96784
96785
96786
96789
96854
96857
96791
96792
96793
96795
96796
96707
96709
96797
96799
96939
96940
96944
96941
96942
96943
96951
96950
96952
96970
96960
32615
32616
32420
32421
32617
32320
32329
32618
32422
32530
32531
32423
32619
34420
34421
32424
32425
32007
32008
32321
32621
32622
32009
32011
32426
32533
32322
32323
32427
32625
32535
32324
32626
32644
32428
32430
32431
32326
32327
32536
32537
32539
32628
34423
34428
34429
32432
32013
32433
32434
32435
32540
32541
32550
34430
34431
34432
34433
34434
32631
32328
32437
32542
32033
32633
32634
32034
32035
34436
32547
32548
32549
32038
32438
32439
32601
32602
32603
32604
32605
32606
32607
32608
32609
32610
32611
32612
32613
32614
32627
32635
32641
32653
32040
32560
32440
32042
32442
32043
32330
32331
32443
32332
32561
32562
32563
32566
32639
32044
32333
32640
34442
32643
32655
32046
34445
32564
34487
34446
34447
34448
32648
32334
32335
34449
34450
34451
34452
34453
32654
32099
32201
32202
32203
32204
32205
32206
32207
32208
32209
32210
32211
32212
32214
32215
32216
32217
32218
32219
32220
32221
32222
32223
32224
32225
32226
32227
32228
32229
32230
32231
32232
32233
32234
32235
32236
32237
32238
32239
32240
32241
32244
32245
32246
32247
32250
32254
32255
32256
32257
32258
32259
32260
32266
32277
32052
32565
32053
32656
32658
32054
32061
32024
32025
32055
32056
32336
32538
32567
32058
34460
34461
34464
34465
32059
32060
32064
32337
32662
32663
32444
32062
32568
32664
32063
32340
32341
32445
32446
32447
32448
32544
32569
32066
32666
32667
