32050
32068
32343
32570
32571
32572
32583
32577
32344
32345
32668
32669
32578
32588
32452
32071
34470
34471
34472
34473
34474
34475
34476
34477
34478
34479
34480
34481
34482
34483
32680
32681
32003
32006
32030
32065
32067
32073
32683
34484
32346
32401
32402
32403
32404
32405
32406
32407
32408
32409
32411
32412
32413
32417
32461
32079
32501
32502
32503
32504
32505
32506
32507
32508
32509
32511
32512
32513
32514
32516
32520
32521
32522
32523
32524
32526
32534
32559
32590
32591
32592
32347
32348
32350
32455
32004
32081
32082
32410
32456
32457
32351
32352
32353
32026
32083
32686
32080
32084
32085
32086
32092
32095
32355
32356
32072
32087
32459
32357
32579
34488
34489
32460
32358
32091
32359
34491
34492
32692
32301
32302
32303
32304
32305
32306
32307
32308
32309
32310
32311
32312
32313
32314
32315
32316
32317
32318
32395
32399
32360
32693
32580
32462
32361
32694
32463
32094
32464
32449
32465
32096
32696
32362
32697
34498
32466
32041
32097
31001
31620
31002
30410
30411
31622
31701
31702
31703
31704
31705
31706
31707
31708
31721
31301
31003
31510
30412
31512
31709
31719
31711
30802
31712
31623
39813
31714
39815
30901
30903
30904
30905
30906
30907
30909
30912
30914
30916
30917
30919
30999
30803
31624
31716
39817
39818
39819
31625
30413
31720
31513
31515
31722
31516
39823
31302
39824
30805
31004
31005
30806
31626
31801
39825
31518
39826
31727
30415
31519
31520
31521
31522
31523
31524
31525
31527
31561
31803
31006
31007
31008
31009
39827
39828
39829
30807
31730
31804
31627
39832
31011
31012
31733
30414
30417
30438
39834
31013
31303
31735
30420
31014
39836
30421
39837
31829
31901
31902
31903
31904
31905
31906
31907
31908
31909
31914
31917
31993
31995
31997
31998
31999
31738
31010
31015
31304
31016
31805
39840
30423
39841
31017
31305
31018
39842
30808
31532
31743
31019
31629
31744
39845
31533
31534
31535
30424
31020
31021
31027
31040
31022
31630
31023
31024
31026
31307
39846
31025
31308
31806
31747
31807
31749
30809
31631
31750
31309
31537
31029
39851
31808
31030
39852
31753
30425
31810
39854
30810
30426
30427
30428
31031
30812
31032
30813
31312
31033
30429
31632
31811
31034
30814
31035
31756
31036
31539
31037
30815
31038
31310
31313
31314
31315
31542
31634
31543
31039
31041
39859
31042
31760
31544
39861
31044
31545
31546
31598
31599
31045
31046
31812
31047
30811
30816
31548
31049
31635
31636
39862
31763
31637
31764
31051
30817
31052
30434
31814
31316
31549
31815
30436
31054
31055
31201
31202
31203
31204
31205
31206
31207
31208
31209
31210
31211
31212
31213
31216
31217
31220
31221
31294
31295
31296
31297
31816
31550
31057
31058
31765
31318
31319
31551
30819
30439
31820
30441
31320
31060
31059
31061
31062
30442
31552
30820
31063
31064
31065
39866
39867
31638
31768
31776
31788
30445
31050
31066
31769
31553
31639
31641
30446
39870
31554
31771
30447
30821
30448
31772
31773
31774
31067
31555
31556
31068
30449
31821
31775
39877
31557
31778
31642
31739
31779
31321
30822
31069
31070
31822
31823
31071
31072
31780
31322
30450
31781
31824
30451
31782
31643
31645
31783
30452
30453
30499
31075
31076
31077
31323
31825
31324
31326
31078
31079
30454
30455
31081
31562
31547
31558
31784
31082
31327
30456
39885
31401
31402
31403
31404
31405
31406
31407
31408
31409
31410
31411
31412
31414
31415
31416
31418
31419
31420
31421
31083
31560
31084
31085
39886
31826
31086
31787
30457
31647
31087
31329
30823
31648
30458
30459
30460
30461
30464
31649
31789
31563
30401
31790
30467
31791
31827
30470
31089
31757
31758
31792
31799
30824
31793
31794
31090
31331
30471
31328
31795
31091
30473
31601
31602
31603
31604
31605
31606
31698
31699
30474
30475
31092
30477
31333
31564
31830
31028
31088
31093
31095
31098
31099
30828
31094
31796
31565
31831
31501
31502
31503
30830
31566
31567
31832
31833
39897
31568
31650
31569
31836
31798
30818
30833
31096
31097
29801
29802
29803
29804
29805
29808
29810
29812
29813
29816
29901
29902
29903
29904
29905
29906
29907
29817
29909
29910
29819
29911
29821
29822
29916
29824
29826
29918
29939
29827
29921
29922
29923
29828
29829
29913
29924
29927
29915
29925
29926
29928
29938
29929
29831
29832
29834
29931
29932
29835
29899
29836
29933
29838
29839
29840
29809
29841
29842
29860
29861
29843
29844
29934
29845
29935
29912
29936
29920
29914
29940
29941
29846
29943
29847
29848
29849
29944
29850
29851
29853
29856
29945
33430
33427
33428
33429
33431
33432
33433
33434
33464
33481
33486
33487
33488
33496
33497
33498
33499
33424
33425
33426
33435
33436
33437
33472
33473
33474
33438
33440
33004
33441
33442
33443
33444
33445
33446
33448
33482
33483
33484
33301
33302
33303
33304
33305
33306
33307
33308
33309
33310
33311
33312
33313
33314
33315
33316
33317
33318
33319
33320
33321
33322
33323
33324
33325
33326
33327
33328
33329
33330
33331
33332
33334
33335
33336
33337
33338
33339
33340
33345
33346
33348
33349
33351
33355
33359
33388
33394
34945
34946
34947
34948
34949
34950
34951
34954
34979
34981
34982
34983
34952
34953
34984
34985
34986
34987
34988
33008
33009
33002
33010
33011
33012
33013
33014
33015
33016
33017
33018
33455
33475
33019
33020
33021
33022
33023
33024
33025
33026
33027
33028
33029
33081
33083
33084
33030
33031
33032
33033
33034
33035
33039
33090
33092
34956
33036
34957
34958
33458
33468
33469
33477
33478
33037
33040
33041
33045
33459
33449
33454
33460
33461
33462
33463
33465
33466
33467
33001
33470
33050
33051
33052
33101
33102
33106
33111
33112
33114
33116
33122
33124
33125
33126
33127
33128
33129
33130
33131
33132
33133
33134
33135
33136
33137
33138
33142
33143
33144
33145
33146
33147
33149
33150
33151
33152
33153
33155
33156
33157
33158
33159
33160
33161
33162
33163
33164
33165
33166
33167
33168
33169
33170
33172
33173
33174
33175
33176
33177
33178
33179
33180
33181
33182
33183
33184
33185
33186
33187
33188
33189
33190
33193
33194
33196
33197
33199
33206
33222
33231
33233
33234
33238
33242
33243
33245
33247
33255
33256
33257
33261
33265
33266
33269
33280
33283
33296
33299
33109
33119
33139
33140
33141
33154
33239
33471
34972
34973
34974
33054
33055
33056
33476
33480
34990
34991
33060
33061
33062
33063
33064
33065
33066
33067
33068
33069
33071
33072
33073
33074
33075
33076
33077
33093
33097
34992
33493
33082
34994
34995
34996
34997
33042
33043
33070
33401
33402
33403
33404
33405
33406
33407
33408
33409
33410
33411
33412
33413
33414
33415
33416
33417
33418
33419
33420
33421
33422
32701
32714
32715
32716
32702
33820
33920
34216
32703
32704
32712
34265
34266
34269
34679
34705
32102
33823
33825
33826
33827
33503
32105
33830
33831
33744
33921
33922
34133
34134
34135
34136
33834
34201
34202
34203
34204
34205
34206
34207
34208
34209
34210
34211
34212
34280
34281
34282
34217
34218
33835
33508
33509
33510
33511
34601
34602
34603
34604
34605
34606
34607
34608
34609
34610
34611
34613
34614
32110
33513
32111
32920
33924
32706
32707
32708
32718
32719
32730
33514
34138
32709
32113
32710
33755
33756
33757
33758
33759
33760
33761
33762
33763
33764
33765
33766
33767
33769
34711
34712
34713
34714
34715
32922
32923
32924
32926
32927
32931
32932
33521
34137
34215
32112
34681
33524
33523
33525
33526
33836
33837
33896
33897
32114
32115
32116
32117
32118
32119
32120
32121
32122
32124
32125
32126
32198
32713
32753
32720
32721
32722
32723
32724
32130
32725
32728
32738
32739
33527
33838
34697
34698
33530
33839
32133
32131
33840
32132
32141
34680
34222
34223
34224
34295
33928
33929
32726
32727
32736
34139
33930
32948
32135
32136
32137
32142
32143
32164
32140
32134
33841
33901
33902
33903
33904
33905
33906
33907
33908
33909
33910
33911
33912
33913
33914
33915
33916
33917
33918
33919
33965
33966
33967
33990
33991
33993
33994
33931
33932
34267
33843
34731
32732
32139
33534
32733
34140
34734
32138
32735
32949
34736
33844
33845
32145
33846
32147
33847
34737
34142
34143
33785
33786
33848
32148
32149
34636
33849
34739
34741
34742
34743
34744
34745
34746
34747
34758
34759
33935
33975
33537
32158
32159
32162
32163
33850
32157
32160
33851
32744
33801
33802
33803
33804
33805
33806
33807
33809
33810
33811
33812
33813
33815
32746
32795
32747
33538
33852
33862
33853
33854
33855
33856
33859
33867
33898
34637
34638
34639
33770
33771
33772
33773
33774
33775
33776
33777
33778
33779
34272
34748
34749
34788
34789
33936
33970
33971
33972
33973
33974
33976
33547
34228
32750
32752
32779
32791
33857
33858
33548
33549
33558
33559
32751
32794
32950
34260
33550
34145
34146
34753
32901
32902
32903
32904
32905
32906
32907
32908
32909
32910
32911
32912
32919
32925
32934
32935
32936
32937
32940
32941
32951
32952
32953
32954
32745
32799
32754
34755
34729
34756
32756
32757
33860
34251
34101
34102
34103
34104
34105
34106
34107
34108
34109
34110
34112
34113
34114
34116
34117
34119
34120
34652
34653
34654
34655
34656
32168
32169
32170
33863
34661
34268
34274
34275
32759
34740
34760
34141
32179
32183
34761
33556
34762
34677
33865
34264
32763
32774
32182
32801
32802
32803
32804
32805
32806
32807
32808
32809
32810
32811
32812
32814
32815
32816
32817
32818
32819
32820
32821
32822
32824
32825
32826
32827
32828
32829
32830
32831
32832
32833
32834
32835
32836
32837
32839
32853
32854
32855
32856
32857
32858
32859
32860
32861
32862
32867
32868
32869
32872
32877
32878
32885
32886
32887
32891
32896
32897
32899
32173
32174
32175
32176
34229
32764
32762
32765
32766
34660
32767
32177
32178
33944
34220
34221
34682
34683
34684
34685
34219
32180
33945
33780
33781
33782
33946
33947
33563
33564
33565
33566
33567
32768
33868
32181
32123
32127
32128
32129
34667
34668
34669
34673
34674
33927
33938
33948
33949
33950
33951
33952
33953
33954
33955
33980
33981
33982
33983
32185
33568
33569
33578
33579
32955
32956
32957
33570
33571
33572
33573
33575
34695
34769
34770
34771
34772
34773
33956
33574
33701
33702
33703
33704
33705
33706
33707
33708
33709
33710
33711
33712
33713
33714
33715
33716
33729
33730
33731
33732
33733
33734
33736
33737
33738
33740
33741
33742
33743
33747
33784
33576
32771
32772
32773
33957
32187
34230
34231
34232
34233
34234
34235
34236
34237
34238
34239
34240
34241
34242
34243
34276
34277
34278
32189
32775
32958
32976
32978
33870
33871
33872
33875
33876
33583
33584
32190
32959
32776
32192
33585
33586
33587
34270
33601
33602
33603
33604
33605
33606
33607
33608
33609
33610
33611
33612
33613
33614
33615
33616
33617
33618
33619
33620
33621
33622
33623
33624
33625
33626
33629
33630
33631
33633
33634
33635
33637
33646
33647
33650
33655
33660
33661
33662
33663
33664
33672
33673
33674
33675
33677
33679
33680
33681
33682
33684
33685
33686
33687
33688
33689
33694
32777
34688
34689
34690
34691
34692
32778
34250
33592
32780
32781
32783
32796
33593
32784
33594
33595
33596
34284
34285
34286
34287
34288
34289
34290
34291
34292
34293
33960
32960
32961
32962
32963
32964
32965
32966
32967
32968
32969
32970
33873
33877
33597
32195
32193
34785
33598
34786
32971
34777
34778
34787
33880
33881
33882
33883
33884
33885
33888
32789
32790
32792
32793
34797
32798
33539
33540
33541
33542
33543
33544
33545
33890
36310
35440
35005
35540
35006
35441
35007
35144
36720
35950
35951
35010
35011
36250
35442
35013
35014
35015
35952
36420
36421
35610
36721
36201
36202
36203
36204
36205
36206
36207
35016
36311
35541
36722
36312
36251
35953
35611
35612
35613
35614
36502
36503
36504
35954
36830
36831
36832
36849
36003
36505
35019
36005
36061
35542
36507
36509
35543
36425
35544
35545
35615
36313
35546
35020
35021
35022
35023
36006
35201
35202
35203
35204
35205
35206
35207
35208
35209
35210
35211
35212
35213
35214
35215
35216
35217
35218
35219
35220
35221
35222
35223
35224
35226
35228
35229
35231
35232
35233
35234
35235
35236
35237
35238
35242
35243
35244
35246
35249
35253
35254
35255
35259
35260
35261
35266
35282
35283
35285
35287
35288
35290
35291
35292
35293
35294
35295
35296
35297
35298
36314
35031
35956
35957
35443
35032
36511
36008
36723
36009
35033
35034
36426
36427
35740
35035
35548
36429
35036
35444
35741
36010
35958
36512
35446
36253
35040
36513
36726
36727
36850
35742
35549
35041
35447
36432
36728
35959
35960
35042
36316
36015
36518
35043
35616
35044
36254
36521
36522
35045
35046
35048
36016
35049
35448
36017
36317
35617
35449
36523
36318
36524
35452
35961
36319
35051
35052
36020
35550
35453
36851
36859
36320
35618
36321
36435
36255
35053
36525
35054
35962
35055
35056
35057
35058
36852
36853
36322
36362
35619
36526
36527
36577
36528
36256
35963
36257
36022
35601
35602
35603
35609
35699
36529
35551
36258
36732
35552
36736
35060
35061
35038
35062
36301
36302
36303
36304
36305
35553
35964
36028
35456
35744
36260
35457
36024
36261
36323
36530
35554
35620
36025
35458
35459
35063
36330
36331
35460
36026
35745
35461
36027
36072
35462
35621
36401
36439
35064
36532
36533
35622
36738
35555
36029
36855
35966
36441
36442
35630
35631
35632
35633
35634
36535
36536
36030
36740
36031
36032
36856
35967
35968
35463
36444
36538
36445
36539
36262
36436
36446
35068
36741
35971
35901
35902
35903
35904
35905
35906
35907
36540
35464
35972
36742
36038
35070
35071
35973
36340
36033
35974
35559
36034
35560
35072
35466
36343
36035
36036
36263
36541
35747
35073
35074
36744
36037
36451
35975
35563
36542
36547
35976
35748
35564
35565
35570
35077
36039
35078
36344
35640
35749
36858
35079
36040
35750
36345
36264
35080
35978
35979
36041
35643
35571
35082
35083
35751
35752
36042
36043
35980
35572
35801
35802
35803
35804
35805
35806
35807
35808
35809
35810
35811
35812
35813
35814
35815
35816
35824
35893
35894
35895
35896
35897
35898
35899
36860
36543
35981
36544
36346
36515
36545
36861
36265
35501
35502
35503
35504
36745
35085
36749
35087
35573
35468
35089
35574
35645
35091
36453
35754
36862
36863
35755
36046
36793
35094
35983
35646
36548
35647
36047
35648
36549
35096
36748
36266
36550
35470
36865
36455
35097
35098
36048
36751
36752
36551
36049
36062
35575
35111
36553
36456
35471
36753
35756
35757
35758
36754
36555
36556
36750
36051
35112
36756
36759
36013
36052
35114
36457
35984
35759
36458
36350
36053
36054
36267
35576
36558
36761
36601
36602
36603
36604
36605
36606
36607
36608
36609
36610
36611
36612
36613
36615
36616
36617
36618
36619
36625
36628
36630
36633
36640
36641
36644
36652
36660
36663
36670
36671
36675
36685
36688
36689
36691
36693
36695
36460
36461
36462
35115
36101
36102
36103
36104
36105
36106
36107
36108
36109
36110
36111
36112
36113
36114
36115
36116
36117
36118
36119
36120
36121
36123
36124
36125
36130
36131
36132
36133
36134
36135
36140
36141
36142
36177
36191
36559
35004
35649
35116
35650
35474
35651
36057
35117
36560
35118
36268
36269
35661
35662
36763
36764
35577
35578
36765
36351
35119
35760
35761
36352
36353
35762
35473
35475
35476
36866
36766
35579
35120
36271
35121
36801
36802
36803
36804
36467
36561
36767
35763
36360
36361
35764
35123
35477
36370
35580
35124
35125
35128
36562
36470
36471
35478
36867
36868
36869
36870
35581
36272
36064
36371
36768
36769
36065
35126
35765
36871
36758
35127
36564
36066
36067
36068
35766
35130
35131
35986
35469
35480
36069
36273
36792
35582
36474
35481
35133
36454
36473
36475
36476
35135
36274
36567
36574
35136
35652
35653
35654
36071
35767
36773
35137
36568
36569
36874
35482
36477
36571
36775
36572
36776
35139
35768
35769
36875
35771
36701
36702
36703
36575
35142
35660
35143
36075
36373
36576
35584
36374
36349
36375
36877
35670
36275
35146
35585
36790
36578
35987
35147
35746
35772
36579
35586
35148
36580
36581
36782
35149
35150
35151
35988
35160
35161
36023
36045
36078
35671
36582
36590
36783
36762
36784
35171
36583
36080
35773
35672
35587
35172
35774
35673
36079
36081
36082
35173
35401
35402
35403
35404
35405
35406
35407
35485
35486
35487
35674
36083
36088
36087
36785
35175
36089
36786
36449
36480
35775
36854
36872
35989
35490
35176
36091
35592
35593
35178
36584
35179
36481
36276
36585
35990
35180
35677
35181
35182
36879
36277
36376
36278
36279
35183
35184
35491
35185
36092
36093
36482
36587
35186
35187
35594
36483
36280
35188
35776
35739
36901
36904
36907
36908
36910
36912
36913
36915
36916
36919
36921
36922
36925
38601
39730
39735
38820
38720
38821
38721
38722
38602
39736
38603
38723
39320
38824
39421
38606
39520
39521
39522
39525
39529
39558
39572
39576
39422
39423
38825
38826
39737
38827
39038
38725
39039
39040
38726
38914
39530
39531
39532
39533
39534
39535
39540
38610
38828
39629
39041
38829
38859
38730
39042
39043
39047
39044
39601
39602
39603
39425
39739
38913
38915
38949
39322
39630
38833
38611
39740
38916
38955
39045
39046
39426
38917
39427
39051
39054
38920
39741
39631
38921
38958
39632
39323
39324
38614
38630
38669
38732
38733
39056
39058
39060
38617
38922
38923
38618
39428
39325
39429
39701
39702
39703
39704
39705
39710
38619
39057
38834
38835
38620
39743
38621
39633
38622
38924
39059
39326
38623
39327
39328
39061
38838
38839
39062
38736
38737
38738
38739
38925
38625
38740
38626
39063
39436
38841
39066
39437
38927
39330
39552
39067
38627
39744
38629
39069
39081
39635
39071
39072
39073
39074
39483
39745
38631
38843
39077
38844
39553
39078
38846
38744
38928
39638
38847
39079
39171
38929
38745
38701
38702
38703
38704
38731
38782
38930
38935
38945
38848
38901
38902
38926
38960
39501
39502
39503
39505
39506
39507
38746
38849
39746
39080
39082
39401
39402
39403
39404
39406
39407
39083
39439
39086
38632
39332
38633
39087
38940
38748
39088
38634
38635
38649
38637
38850
38851
39555
38638
38749
38751
38753
38754
38941
38852
39193
39201
39202
39203
39204
39205
39206
39207
39208
39209
39210
39211
39212
39213
39215
39216
39217
39218
39225
39232
39236
39250
39269
39271
39272
39282
39283
39284
39286
39288
39289
39296
39298
39641
38639
39747
39556
39643
39090
39092
38641
38642
38643
39335
39440
39441
39442
39443
39336
39451
38756
39094
39095
39645
39337
39560
39096
39338
39097
39339
39452
39098
38644
39455
38645
39647
38943
39648
39649
39108
39561
39456
39457
39750
39341
39109
39110
39130
39111
39652
38855
39751
38856
39342
38609
38646
39752
39113
39753
39653
39114
39301
39302
39303
39304
39305
39307
39309
38759
38760
38647
38944
39762
39116
39654
38857
38761
38946
39117
39459
38762
39119
38650
39120
39121
39122
39461
38651
38858
38652
39462
39140
39345
39463
38947
39346
38948
39656
39564
39565
39566
38860
38654
39657
39464
38655
38675
38764
39347
38765
39562
39563
39567
39568
39569
39581
39595
39571
39144
39348
39145
39573
39465
39755
39350
38950
39466
39146
39179
39148
39149
38951
38862
38863
38658
39470
39352
39150
38659
39756
39474
39354
39151
39152
39475
39355
39153
38864
39154
38661
39156
38767
39476
39157
39158
38865
38663
38664
39159
38768
38769
39356
39661
38771
39662
39107
39160
38866
39477
39161
39478
38665
38666
39162
39574
38952
38953
39358
38772
39359
39479
38668
38868
39163
38773
38774
38869
39360
39361
39165
38954
39115
39166
39663
38628
38670
39664
38870
39665
39480
38671
38672
39167
39759
39760
39362
39766
39767
38776
39363
39460
39481
39769
39666
38957
39482
38778
38959
38673
39168
39169
39170
38871
38961
39173
38674
38962
38873
38874
39364
39174
38875
38876
38676
38801
38802
38803
38804
38963
39667
39365
39668
38677
39175
39176
39177
38964
38877
38878
38879
39180
39181
39182
39183
38679
39366
38680
38686
38683
39189
39771
39190
38685
38965
39367
38780
38966
39772
39191
39192
39754
39773
38880
39577
38967
38781
39776
39669
39194
70510
70511
70420
71316
70710
71401
70711
71301
71302
71303
71306
71307
71309
71315
70031
70340
70422
71403
70426
70467
70712
70032
71001
71218
70512
71002
71003
71404
70513
70704
70714
70514
71405
70036
70515
71219
71220
71221
70715
70801
70802
70803
70804
70805
70806
70807
70808
70809
70810
70811
70812
70813
70814
70815
70816
70817
70818
70819
70820
70821
70822
70823
70825
70826
70827
70831
70833
70835
70836
70837
70873
70874
70879
70884
70891
70892
70893
70894
70895
70896
70898
71004
70630
70037
70093
70341
71406
71407
71006
71222
70342
71007
71008
71009
70427
70429
71223
70038
71320
71111
71112
71113
71171
71172
70343
70039
71409
71431
70040
70516
70517
70718
70518
70719
71322
70041
70431
70519
71225
71410
70631
71411
70520
70721
71016
70521
71323
70522
70043
70044
70523
71324
70524
71226
70344
71325
71227
70525
71414
71415
71326
70722
71416
71417
71229
71418
70723
70792
71419
71327
71018
71019
70433
70434
70435
70632
70526
70527
71230
71021
70345
70725
70528
71232
71233
70706
70726
70727
70633
70634
70030
70047
71328
71422
70346
70352
71234
71023
70637
70662
71423
71235
71024
70353
70397
70728
71329
70529
71330
70049
71331
70531
70638
71424
71051
70532
70050
71425
71237
70533
71238
70729
70534
70730
70535
70537
70639
71333
71240
71241
70640
71334
71426
71427
71428
71429
70436
70437
70732
71242
71430
71243
70538
70438
70733
71027
70354
70540
70051
70076
70734
71432
71028
70356
71336
71029
71433
71030
70736
70357
71031
70707
70737
70738
71434
71245
70052
71032
70643
70541
70358
70644
70359
71435
70441
70739
71033
70053
70054
70056
70740
70542
70645
70057
71034
71339
70401
70402
70403
70404
71340
70058
70059
71037
70646
71038
71039
71341
70743
71438
71247
70744
71040
71439
71043
70360
70361
70363
70364
70442
71044
70443
70747
70543
70647
70748
71045
70749
70544
71342
70546
71249
71250
71251
71343
71377
71440
70548
71046
71047
71441
70062
70063
70064
70065
70097
70444
71253
70648
70371
70750
71443
70372
70650
70445
70501
70502
70503
70504
70505
70506
70507
70508
70509
70593
70596
70598
70067
70549
70601
70602
70605
70606
70607
70609
70611
70612
70615
70616
70629
70752
71254
70068
70069
70373
70550
71345
70651
71346
71446
71459
71496
71447
70551
70753
71348
71256
71048
70754
70755
70374
71049
71050
71448
70652
70446
70552
70756
70070
70071
70569
70447
70554
70448
70470
70471
71259
71052
71350
71449
70757
71260
71351
70072
70073
71450
70355
70375
70449
70555
71452
71353
70075
70556
71261
70653
70001
70002
70003
70004
70005
70006
70009
70010
70011
70033
70055
70060
70558
71055
71058
70654
71201
71202
71203
71207
71209
71210
71211
71212
71213
71217
70377
71354
71454
71060
71455
71355
70380
70381
70759
71356
70559
70450
70390
70451
71456
71457
71458
71497
71460
71357
70560
70562
70563
71461
70112
70113
70114
70115
70116
70117
70118
70119
70121
70122
70123
70124
70125
70126
70127
70128
70129
70130
70131
70139
70141
70142
70143
70145
70146
70148
70150
70151
70152
70153
70154
70156
70157
70158
70159
70160
70161
70162
70163
70164
70165
70166
70167
70170
70172
70174
70175
70176
70177
70178
70179
70181
70182
70183
70184
70185
70186
70187
70189
70190
70195
70760
70078
71462
70079
70761
71463
71263
71264
70655
71061
71465
70570
70571
70762
71466
70391
71358
70080
70392
70763
70452
71063
70575
70339
70081
70453
70576
71359
71360
71361
71266
70656
71064
70764
70765
70393
71362
71065
70082
71467
70421
70454
70767
70577
70083
71066
70769
70770
71067
71468
71268
70394
70657
70578
71269
70580
70658
70084
71363
71068
70581
71469
70455
71069
70772
70456
70659
70773
71365
71270
71272
71273
70774
70457
70085
70775
70776
70086
71366
71367
70582
71471
70087
71070
71071
70395
70583
71072
71101
71102
71103
71104
71105
71106
71107
71108
71109
71110
71115
71118
71119
71120
71129
71130
71133
71134
71135
71136
71137
71138
71148
71149
71150
71151
71152
71153
71154
71156
71161
71162
71163
71164
71165
71166
71073
71368
71472
71473
71369
71474
71275
70660
71475
70777
70458
70459
70460
70461
70469
71276
70778
71277
70462
71075
70661
71279
71280
71078
70663
70664
70665
71079
70463
70584
70780
71281
70464
71282
71284
70465
71080
70301
70302
70310
70466
71477
71286
71371
71479
70782
70585
71480
70090
70091
70783
71373
70586
70668
70092
71082
70784
70785
70589
71375
70786
70591
70669
71291
71292
71294
70094
70096
70787
70788
70789
71483
71295
71378
71485
70592
70791
71486
72001
72002
72410
72820
71820
72921
72003
72611
72004
72821
72005
71920
71921
71922
71923
71998
71999
71630
72310
71822
72513
72823
72311
72006
72007
72711
72010
71631
72312
72313
72501
72503
72522
72011
72411
71720
72613
72012
72013
72412
72014
71721
72824
71823
72015
72018
72019
72022
72158
72712
72714
72715
72716
72615
72616
72016
72413
72017
71929
72414
72415
71825
72826
71722
72827
72315
72316
72319
71932
72926
71933
72416
72927
72020
71826
72928
72320
72021
72517
72417
72089
71827
72619
72321
72023
71935
72322
71828
72519
71724
71701
71711
72520
72717
72419
72024
71725
72025
72421
72026
72521
72718
72930
72932
72027
72719
72829
72933
72324
72934
71726
72028
72029
72325
72623
72830
72030
72031
72832
72053
72326
71831
72721
72624
72523
72032
72033
72034
72035
72524
72422
72626
72036
71937
72037
72327
72038
71635
72328
71728
72526
72039
72833
72834
72424
72722
72628
72425
72835
71940
72426
72629
71832
71638
72040
72527
72041
72042
72043
71833
71834
72648
72528
71941
72837
72530
72329
71639
72935
72330
72331
72044
72332
72427
72333
71730
71731
72531
72727
72728
72045
71740
71835
72046
72047
72048
72428
71640
72631
72632
72729
72532
72633
72730
72701
72702
72703
72704
72741
72429
72634
72534
71742
71836
72335
72336
72901
72902
72903
72904
72905
72906
72908
72913
72914
72916
72917
72918
72919
72923
71837
71642
72051
72512
72536
72338
71942
71838
72537
72732
71839
72052
72635
72733
71840
72734
72538
72636
72055
71841
72339
72539
71943
72340
72735
71643
71644
71944
72057
72838
72736
72058
72638
72737
72430
72936
72059
72060
72431
72540
71743
72061
72937
72839
71646
71744
72525
72529
72542
71745
72617
72639
72432
72601
72602
72938
72840
72841
72640
71945
72063
72842
72341
72064
72543
72545
72843
72342
72544
72065
71647
72346
72066
72347
72067
72068
72738
72739
72069
71801
71802
71842
71901
71902
71903
71909
71910
71913
71914
72070
72433
72348
72072
72073
72074
72940
72740
71747
72546
72434
71748
72075
72076
72078
72099
72641
72079
71651
72080
71949
72350
72401
72402
72403
72404
72081
71749
72351
72082
72083
71652
72742
71950
72435
72845
72352
72437
72642
71653
72846
72353
71952
72941
71750
72438
72630
72644
72084
72354
72645
72085
71845
72355
72744
72201
72202
72203
72204
72205
72206
72207
72209
72210
72211
72212
72214
72215
72216
72217
72219
72221
72222
72223
72225
72227
72231
72260
72295
71846
72550
72847
72086
72087
71751
72745
72358
72440
71847
72101
72441
71654
71666
71752
72102
72103
72359
72943
72553
71753
71754
72104
72105
72554
72442
72944
72555
72360
72364
72365
72436
72443
72650
72366
72106
72444
72747
72556
72367
71953
72107
72945
72651
71851
72445
72447
72108
71655
71656
71657
71658
72368
72110
72749
71659
72946
72653
72654
71956
72533
72560
71758
71957
72655
72561
72111
72947
71958
71852
72948
72562
72851
71660
71959
72112
72658
72659
71960
71759
72113
72114
72115
72116
72117
72118
72119
72120
72124
72190
72199
72660
72661
72852
71961
71966
71853
72564
72449
71962
72853
72662
72369
72663
72370
72565
71855
72949
72854
72372
72121
72450
72451
72855
71661
72373
72950
72122
72666
72123
72453
71964
72751
72668
72856
71965
72125
72126
72752
71662
72454
72669
71601
71602
71603
71611
71612
71613
72566
72857
72567
72568
72127
72455
72478
72456
72670
72374
72457
71663
72858
72569
72458
72128
72753
72129
71857
72130
72376
72672
72131
72951
72459
72460
72461
72132
72133
72462
71665
72377
72134
72756
72757
72758
72135
72136
72137
72571
71858
72828
72860
71968
72952
72139
72801
72802
72811
72812
72572
72573
72140
72464
72675
72760
72575
72515
72576
71859
72141
72142
72863
72143
72145
72149
72465
72150
72152
72088
72153
72577
72761
71969
71762
72466
72379
72156
71763
72762
72764
72765
72766
72157
71860
71667
72467
71764
71970
72469
71765
72578
72160
72865
72470
72579
72768
72769
72677
72164
72471
71861
72165
71766
72166
71670
72679
72657
72680
72770
72167
72472
72168
72473
72581
72169
72383
72384
72386
72170
71971
72955
72682
72956
72957
71972
72387
72683
72173
72583
72584
72389
72175
72474
72475
71770
72958
72476
72176
71671
71862
71674
72479
72773
72685
72774
72390
72301
72303
72178
72391
72392
71772
71973
72585
72394
72179
72482
71864
71675
71676
72395
71865
71677
72959
71866
72587
72776
72686
72180
72181
72182
72183
72396
72687
71678
74720
74820
74821
74330
73520
74331
74824
74721
73001
74521
74522
73002
73716
74825
73521
73522
73523
73717
73004
73718
73719
73005
74523
73006
73620
73007
73401
73402
73403
74901
73832
74826
74525
74827
74001
74002
74003
74004
74005
74006
74722
74421
74723
73622
73008
74724
74332
74630
73009
73720
74008
74631
74646
73526
73010
74528
74333
74726
74930
74829
74727
74830
74422
73011
74423
74439
74632
74010
74011
74012
74013
74014
74728
74530
73834
73855
74931
74633
73722
73430
73624
73625
74831
73527
74729
74730
73014
74531
73835
74932
74425
74533
73724
73626
73726
73015
74832
73727
73627
74731
73016
74833
74015
73017
74534
74834
73528
74426
74016
73728
73838
73628
73018
73023
73020
74337
74017
74018
74019
74535
74536
73729
74020
73601
74538
74733
74338
73432
74021
73021
73529
74339
73022
74836
74427
74022
73632
73024
74428
73425
73730
74429
73027
73028
74837
74430
74023
73639
73029
73731
74540
74026
73530
73030
73039
73488
74636
74027
74028
73531
74431
74029
73031
73641
74340
73032
73733
73734
73735
74030
73532
73533
73534
73536
74701
74702
73638
73642
74839
74734
73033
74840
73003
73012
73013
73025
73034
73083
73537
73538
73644
73648
73539
73433
73036
73701
73702
73703
73705
73706
73645
73668
74342
74432
74461
74637
74343
73736
73737
74935
73840
73540
73646
74543
74842
74843
73541
73038
74434
73841
74735
73647
73434
73435
74031
74844
73542
73551
73842
73843
74936
73738
74736
73844
73040
73436
73543
74032
74033
74737
73739
74435
73041
73544
74545
73042
73437
73546
73553
73547
74738
73043
74344
74345
73044
74546
74034
73650
74845
73045
74547
74436
73548
74740
73549
73438
74937
73741
74741
74747
73444
73742
74437
73743
73047
73744
74438
73651
74939
74848
74850
73550
74035
73746
74940
74743
74441
74640
73048
74745
73552
74442
74036
73747
74346
74037
74038
73749
73049
74347
74641
74039
74748
74941
74349
74041
73750
73764
73439
74552
74553
74576
74849
74554
73753
73754
74643
74555
74350
73050
73848
73501
73502
73503
73505
73506
73507
73558
73440
73654
74942
74556
74042
73441
74043
74943
73051
73052
73442
74352
73443
73655
73755
73053
73756
73054
74501
74502
74529
74944
74851
74852
73446
73758
73554
73555
74044
73447
74045
74945
73448
74644
73055
73056
73556
74854
73851
73057
73449
73759
73557
74855
73760
73058
74354
74355
73450
74046
74856
74750
73059
74946
74947
74444
73852
74445
73061
74047
73559
73062
74557
74948
73063
74949
74401
74402
74403
73064
73853
73761
74549
74558
74857
73065
74647
73066
73067
73068
73019
73026
73069
73070
73071
73072
74358
74048
74050
74359
73658
74051
74052
73762
74446
73763
74859
73101
