73103
73104
73105
73106
73107
73108
73109
73110
73111
73112
73113
73114
73115
73116
73117
73118
73119
73120
73121
73122
73123
73124
73125
73126
73127
73128
73129
73130
73131
73132
73134
73135
73136
73137
73139
73140
73141
73142
73143
73144
73145
73146
73147
73148
73149
73150
73151
73152
73153
73154
73155
73156
73157
73159
73160
73162
73163
73164
73165
73167
73169
73170
73172
73173
73178
73179
73184
73185
73189
73190
73194
73195
73196
74447
74450
73560
74053
73073
74054
73453
74055
74860
74951
74559
73074
74451
73075
74056
74058
74452
74059
73077
73757
74752
73078
74560
74753
73079
74902
74601
74602
74604
73766
74454
74455
74953
74864
74456
74457
74060
74361
74362
73080
73659
74335
74360
74363
74561
74650
74061
73562
73481
74562
73455
74458
74563
74651
74459
73660
73456
74754
73768
74062
73661
74865
74954
73564
74364
74755
73082
73565
74866
74365
74955
74063
74066
74067
74867
74565
74756
73662
74460
73663
74818
74868
73664
74956
74068
73857
73858
74801
74802
74804
74652
74070
74071
74957
74567
73566
74759
73770
74072
74869
74366
73084
74760
74073
74959
73458
73567
74462
74074
74075
74076
74077
74078
74960
74871
74367
74872
74569
74079
74570
73086
73666
74761
74463
74464
74465
74080
74571
73667
73487
74873
73568
74081
73561
73569
73459
73669
73570
73460
74653
74875
74101
74102
74103
74104
74105
74106
74107
74108
74110
74112
74114
74115
74116
74117
74119
74120
74121
74126
74127
74128
74129
74130
74131
74132
74133
74134
74135
74136
74137
74141
74145
74146
74147
74148
74149
74150
74152
74153
74155
74156
74157
74158
74159
74169
74170
74171
74172
74182
74186
74187
74192
74193
74572
74574
73089
74368
73090
74764
73491
74082
73092
74962
73859
74301
73571
74467
74477
74468
73771
73572
74878
74083
73461
74469
73093
73772
74963
74964
73773
73573
73095
73860
73096
74470
74369
74880
74471
74881
74965
74883
74884
73097
74440
74472
74577
74578
73673
73463
74966
73801
73802
74766
74370
73098
74084
74085
73085
73099
71854
75001
75410
75002
75013
75925
75409
75550
75926
75750
75411
75751
75752
75551
75554
75630
75412
75413
75101
75102
75631
75414
75415
75754
75755
75797
75555
75556
75416
75424
75417
75418
75928
75420
75929
75930
75931
75421
75756
75831
75757
75932
75135
75933
75934
75422
75103
75006
75007
75010
75011
75633
75636
75832
75104
75106
75423
75009
75935
75833
75834
75758
75105
75936
75425
75937
75426
75637
75938
75428
75429
75431
75558
75432
75121
75019
75099
75939
75109
75110
75151
75114
75835
75433
75759
75434
75760
75638
75201
75202
75203
75204
75205
75206
75207
75208
75209
75210
75211
75212
75214
75215
75216
75217
75218
75219
75220
75221
75222
75223
75224
75225
75226
75227
75228
75229
75230
75231
75232
75233
75234
75235
75236
75237
75238
75240
75241
75242
75243
75244
75246
75247
75248
75249
75250
75251
75252
75253
75254
75260
75261
75262
75263
75264
75265
75266
75267
75270
75275
75277
75283
75284
75285
75287
75301
75303
75312
75313
75315
75320
75326
75336
75339
75342
75354
75355
75356
75357
75358
75359
75360
75367
75368
75370
75371
75372
75373
75374
75376
75378
75379
75380
75381
75382
75389
75390
75391
75392
75393
75394
75395
75397
75398
75639
75559
75020
75021
75435
75115
75123
75436
75640
75941
75437
75438
75838
75942
75943
75560
75116
75137
75138
75641
75439
75117
75839
75118
75642
75440
75441
75119
75120
75944
75124
75840
75442
75132
75125
75762
75126
75763
75033
75034
75035
75127
75764
75040
75041
75042
75043
75044
75045
75046
75047
75048
75049
75946
75643
75644
75645
75647
75443
75444
75050
75051
75052
75053
75054
75140
75844
75401
75402
75403
75404
75845
75058
75650
75651
75765
75948
75652
75653
75654
75680
75446
75561
75459
75656
75949
75141
75014
75015
75016
75017
75038
75039
75060
75061
75062
75063
75447
75766
75951
75657
75846
75954
75658
75659
75164
75660
75661
75142
75143
75847
75144
75562
75662
75663
75956
75448
75449
75666
75450
75065
75134
75146
75667
75770
75849
75166
75451
75850
75452
75022
75027
75028
75029
75056
75057
75067
75077
75771
75563
75068
75564
75453
75668
75669
75601
75602
75603
75604
75605
75606
75607
75608
75615
75851
75901
75902
75903
75904
75915
75069
75070
75071
75565
75147
75156
75148
75566
75670
75671
75672
75958
75567
75772
75454
75458
75149
75150
75180
75181
75182
75185
75187
75852
75959
75773
75853
75960
75681
75455
75456
75457
75778
75961
75962
75963
75964
75965
75568
75569
75779
75173
75570
75682
75780
75966
75855
75571
75683
75684
75801
75802
75803
75882
75152
75685
75460
75461
75462
75468
75469
75856
75470
75471
75968
75686
75023
75024
75025
75026
75074
75075
75086
75093
75094
75472
75969
75076
75473
75153
75782
75687
75407
75078
75572
75474
75783
75475
75858
75476
75154
75573
75784
75155
75080
75081
75082
75083
75085
75032
75087
75157
75030
75088
75089
75477
75189
75785
75788
75478
75972
75479
75688
75480
75158
75159
75689
75973
75090
75091
75092
75574
75848
75859
75481
75482
75483
75486
75487
75691
75860
75488
75974
75861
75880
75884
75886
75160
75161
75501
75503
75504
75505
75507
75599
75975
75489
75490
75163
75862
75789
75701
75702
75703
75704
75705
75706
75707
75708
75709
75710
75711
75712
75713
75798
75799
75790
75495
75692
75165
75167
75168
75976
75485
75097
75791
75693
75491
75977
75169
75172
75492
75493
75494
75792
75978
75496
75865
75694
75979
75990
75098
75497
75980
73901
73931
73932
73933
73937
73938
73939
73942
73944
73945
73946
73947
73949
73950
73951
79311
79601
79602
79603
79604
79605
79606
79607
79608
79697
79698
79699
79001
79002
76430
76008
79003
76009
76225
79101
79102
79103
79104
79105
79106
79107
79108
79109
79110
79111
79114
79116
79117
79118
79119
79120
79121
79124
79159
79166
79168
79172
79174
79178
79185
79189
79312
79501
79313
76351
76226
76001
76002
76003
76004
76005
76006
76007
76010
76011
76012
76013
76014
76015
76016
76017
76018
76019
76094
76096
76820
79502
76227
76020
76098
79504
76821
76823
76930
76021
76022
76095
76228
76824
79505
76932
79506
76432
79314
76352
76433
79005
79007
79008
79009
76230
76023
76825
76424
76426
79011
76933
76827
79316
79376
76801
76802
76803
76804
76427
79508
76354
76828
76028
76097
79012
76357
79013
76429
79014
79015
79016
76435
76934
76436
76831
79018
79058
76832
76431
79201
79223
79225
79247
76935
76437
79226
79240
79019
76031
76033
79510
79511
76834
76034
76233
79512
76442
79021
76035
79322
76443
79227
76036
79022
79024
79025
76234
76444
76439
76201
76202
76203
76204
76205
76206
76207
76208
76209
76210
79323
76445
79229
79027
79230
76836
79231
76446
79029
79516
79031
76448
76837
79032
76936
76360
76452
79324
76937
76238
79233
76039
76040
79033
79325
79235
79517
79034
76239
76041
76841
76101
76102
76103
76104
76105
76106
76107
76108
76109
76110
76111
76112
76113
76114
76115
76116
76117
76118
76119
76120
76121
76122
76123
76124
76126
76127
76129
76130
76131
76132
76133
76134
76135
76136
76137
76140
76147
76148
76150
76155
76161
76162
76163
76164
76166
76177
76179
76180
76181
76182
76185
76191
76192
76193
76195
76196
76197
76198
76199
76842
79035
79036
76240
76241
79518
76043
76044
79519
76844
76453
76245
76363
76454
76845
76449
76450
76048
76049
76050
76051
76092
76099
76246
79039
79040
76455
79236
79041
79520
79042
79094
76364
79043
79044
79521
76052
79525
79237
76365
79045
79085
79526
76848
76457
79046
76366
76053
76054
79329
76367
79527
76055
76458
79528
76459
76058
76849
76247
76369
76059
76244
76248
76060
76939
79529
79052
76249
79239
79331
79530
79053
79054
79336
79338
76061
76250
76461
76462
79056
79326
79339
79221
79241
76852
76853
76854
79342
79532
79343
76460
76855
79401
79402
79403
79404
79406
79407
79408
79409
79410
79411
79412
79413
79414
79415
79416
79423
79424
79430
79452
79453
79457
79464
79490
79491
79493
79499
79533
79243
79534
79057
76063
79344
79535
76856
79244
76857
76064
79345
76370
76858
79245
76859
76940
79536
76941
79059
76065
76861
76862
76066
76067
76068
76463
79061
76251
76464
76465
79062
79346
76252
79347
76864
76371
76253
79063
76070
76071
76372
79350
76255
79537
76865
79538
79539
79351
76373
76466
79540
76374
79064
79541
76943
79248
76866
76484
76467
79065
79066
79068
76073
76485
79353
76486
79070
79093
79250
76377
76258
79355
79072
79073
76259
76869
76487
79330
79356
76870
76468
76469
79251
79252
79255
76077
79357
76470
76078
76871
76261
76093
76471
76262
79220
79256
76945
79543
76872
79544
76873
76874
79358
79545
76263
79546
76875
79547
79548
76264
76265
76901
76902
76903
76904
76905
76906
76908
76909
79078
76266
76877
76878
76472
76379
79359
79360
76380
79363
79077
79079
76474
76949
79257
79080
79364
79366
76267
79367
79549
79550
76950
76481
76268
79258
79369
79081
79082
76082
79370
79503
79553
76880
76401
76402
76951
79083
79051
79084
76475
79371
79372
79086
76270
79556
79560
79373
76882
76883
79259
76953
79087
76483
76271
76476
79561
79088
79234
79261
79562
79563
79091
76884
76888
76885
76272
76955
79010
79092
76084
76886
76384
76385
76887
76957
76958
76085
76086
76087
76088
76388
79377
79095
79378
79565
79096
79097
79379
76273
79380
76490
76301
76302
76305
76306
76307
76308
76309
76310
76311
79098
79381
79383
76389
79566
79567
79382
76491
76890
77326
77411
77412
77511
77512
77514
77830
77875
77515
77516
77518
77413
77519
77404
77414
77520
77521
77522
77523
77417
77657
77701
77702
77703
77704
77705
77706
77707
77708
77709
77710
77713
77720
77725
77726
77831
77401
77402
77418
77419
77420
77422
77833
77834
77611
77423
77801
77802
77803
77805
77806
77807
77808
77612
77835
77836
77837
77415
77530
77426
77613
77838
77327
77328
77531
77331
77428
77840
77841
77842
77843
77844
77845
77850
77301
77302
77303
77304
77305
77306
77384
77385
77532
77410
77429
77433
77533
77332
77430
77534
77431
77432
77535
77852
77536
77538
77614
77539
77853
77333
77334
77434
77435
77436
77437
77440
77615
77855
77856
77616
77541
77542
77545
77546
77549
77441
77547
77550
77551
77552
77553
77554
77555
77442
77857
77443
77335
77619
77444
77622
77560
77561
77859
77445
77623
77562
77624
77563
77447
77315
77001
77002
77003
77004
77005
77006
77007
77008
77009
77010
77011
77012
77013
77014
77015
77016
77017
77018
77019
77020
77021
77022
77023
77024
77025
77026
77027
77028
77029
77030
77031
77032
77033
77034
77035
77036
77037
77038
77039
77040
77041
77042
77043
77044
77045
77046
77047
77048
77049
77050
77051
77052
77053
77054
77055
77056
77057
77058
77059
77060
77061
77062
77063
77064
77065
77066
77067
77068
77069
77070
77071
77072
77073
77074
77075
77076
77077
77078
77079
77080
77081
77082
77083
77084
77085
77086
77087
77088
77089
77090
77091
77092
77093
77094
77095
77096
77098
77099
77201
77202
77203
77204
77205
77206
77207
77208
77209
77210
77212
77213
77215
77216
77217
77218
77219
77220
77221
77222
77223
77224
77225
77226
77227
77228
77229
77230
77231
77233
77234
77235
77236
77237
77238
77240
77241
77242
77243
77244
77245
77248
77249
77251
77252
77253
77254
77255
77256
77257
77258
77259
77261
77262
77263
77265
77266
77267
77268
77269
77270
77271
77272
77273
77274
77275
77277
77279
77280
77282
77284
77287
77288
77289
77290
77291
77292
77293
77297
77299
77336
77564
77325
77338
77339
77345
77346
77347
77396
77448
77320
77340
77341
77342
77343
77344
77348
77349
77861
77449
77450
77491
77492
77493
77494
77565
77451
77452
77625
77862
77566
77568
77453
77571
77572
77573
77574
77350
77575
77454
77577
77351
77399
77455
77863
77864
77353
77354
77355
77578
77456
77865
77457
77626
77458
77866
77459
77489
77580
77316
77356
77867
77460
77868
77627
77461
77870
77357
77358
77629
77871
77872
77359
77463
77360
77630
77631
77632
77639
77464
77465
77501
77502
77503
77504
77505
77506
77507
77508
77466
77581
77584
77588
77467
77362
77363
77468
77364
77640
77641
77642
77643
77617
77650
77365
77651
77446
77582
77873
77406
77407
77469
77367
77470
77368
77471
77583
77369
77655
77473
77510
77517
77585
77586
77474
77371
77475
77876
77656
77476
77878
77879
77659
77587
77372
77373
77379
77380
77381
77382
77383
77386
77387
77388
77389
77391
77393
77660
77477
77497
77661
77478
77479
77487
77496
77498
77480
77590
77591
77592
77374
77481
77337
77375
77377
77482
77662
77670
77663
77376
77483
77484
77485
77597
77664
77880
77598
77881
77486
77488
77882
77318
77378
77665
76621
79713
78101
78330
78516
78332
78333
78342
79830
79831
79832
79714
76622
78335
78336
78338
78827
78002
73301
73344
78701
78702
78703
78704
78705
78708
78709
78710
78711
78712
78713
78714
78715
78716
78717
78718
78719
78720
78721
78722
78723
78724
78725
78726
78727
78728
78729
78730
78731
78732
78733
78734
78735
78736
78737
78738
78739
78741
78742
78744
78745
78746
78747
78748
78749
78750
78751
78752
78753
78754
78755
78756
78757
78758
78759
78760
78761
78762
78763
78764
78765
78766
78767
78768
78769
78772
78773
78774
78778
78779
78780
78781
78783
78785
78789
78799
77950
76623
76624
79718
78003
78339
78828
79719
76511
78602
78829
78340
78102
78104
78604
76513
78341
78107
78605
79834
78005
79720
79721
78830
78343
78606
78931
76626
77951
78607
76627
78004
78006
78015
78832
76628
76629
78608
78520
78521
78522
78523
78526
76630
78344
78609
76518
78610
76519
78611
76631
78007
76520
78008
78833
79835
78932
78834
78009
78056
78836
78933
78612
78613
78630
78010
78347
78011
76632
76633
78012
78108
76634
76644
79836
78934
78935
78943
78535
78013
78837
78851
78838
78349
78109
76635
76522
78401
78402
78403
78404
78405
78406
78407
78408
78409
78410
78411
78412
78413
78414
78415
78416
78417
78418
78419
78426
78427
78460
78463
78465
78466
78467
78468
78469
78472
78480
78614
78001
78014
78615
76636
79730
79731
76637
76638
78839
77954
78616
76523
76639
79837
79847
78536
78840
78841
78842
78843
78847
78617
78016
78850
78017
78537
78618
78619
78620
78351
78852
78853
78538
76524
78539
78540
78541
78542
77957
78352
78621
78860
78938
78112
76640
79901
79902
79903
79904
79905
79906
79907
79908
79910
79911
79912
79913
79914
79915
79916
79917
79918
79920
79922
79923
79924
79925
79926
79927
79928
79929
79930
79931
79932
79934
79935
79936
79937
79938
79940
79941
79942
79943
79944
79945
79946
79947
79948
79949
79950
79951
79952
79953
79954
79955
79958
79960
79961
79968
79976
79978
79980
79990
79995
79996
79997
79998
79999
88510
88511
88512
88513
88514
88515
88516
88517
88518
88519
88520
88521
88523
88524
88525
88526
88527
88528
88529
88530
88531
88532
88533
88534
88535
88536
88538
88539
88540
88541
88542
88543
88544
88545
88546
88547
88548
88549
88550
88553
88554
88555
88556
88557
88558
88559
88560
88561
88562
88563
88565
88566
88567
88568
88569
88570
88571
88572
88573
88574
88575
88576
88577
88578
88579
88580
88581
88582
88583
88584
88585
88586
88587
88588
88589
88590
88595
78543
78019
78353
76525
79838
78545
78355
78113
77960
78940
78622
78623
76526
78941
76527
78114
79733
79734
79839
79735
78021
77961
78624
78357
76641
78358
79738
77962
78547
79739
79758
76528
76596
76597
76598
76599
78626
78627
78628
78633
78022
78115
78942
78111
78116
79741
77963
78629
78658
79742
76530
78359
76642
78548
78360
77964
76531
78549
78550
78551
78552
78553
78631
78632
78361
76533
78023
76643
78557
76645
78117
77967
76534
78861
76648
78024
78634
78635
79743
78944
77968
78362
78025
79744
76649
76650
76651
76537
78636
76538
78026
78118
76539
78027
78119
78125
79745
78028
78029
76540
76541
76542
76543
76544
76547
76548
76549
78638
78639
78363
78364
78870
79748
76652
76653
78640
78558
78039
78559
78945
78560
76550
78871
78872
78040
78041
78042
78043
78044
78045
78046
78049
77969
78561
78121
78562
77970
78873
78641
78645
78646
78946
78122
78050
79749
76654
78947
78642
78948
78563
76554
78643
78644
77971
78564
76655
78565
78566
78567
76656
78568
78648
78569
78052
78501
78502
78503
78504
78505
79740
79752
78650
77973
76657
78651
78123
78054
76660
78652
78653
79842
78654
78657
79843
78124
76661
76664
78655
78350
78368
78656
78055
79754
78570
76665
76666
76667
77974
79755
79701
79702
79703
79704
79705
79706
79707
79708
79710
79711
79712
76556
76670
78369
78572
78573
78574
79756
76557
78057
76671
77975
76558
78058
76673
78949
78059
78130
78131
78132
78133
78135
78950
78140
76559
78141
78142
79759
77976
78951
78370
79760
79761
79762
79763
79764
79765
79766
79768
79769
76561
78371
78575
78372
79770
78659
78143
78144
78145
78061
79772
78062
76564
76676
78576
79776
78146
78660
78691
78577
78063
77977
78064
78952
77978
78373
78578
78597
78374
77979
77982
78065
78147
76565
76678
78661
78375
79845
79846
78579
76679
76566
79777
78877
79778
78580
78598
76680
78376
78662
78377
76681
76682
78879
78582
78583
78066
78379
78380
76567
78381
78382
78880
76569
78584
78953
76570
76684
78663
78664
78665
78680
78681
78682
78683
78954
78961
78151
78881
78152
76571
78585
78201
78202
78203
78204
78205
78206
78207
78208
78209
78210
78211
78212
78213
78214
78215
78216
78217
78218
78219
78220
78221
78222
78223
78224
78225
78226
78227
78228
78229
78230
78231
78232
78233
78234
78235
78236
78237
78238
78239
78240
78241
78242
78243
78244
78245
78246
78247
78248
78249
78250
78251
78252
78253
78254
78255
78256
78257
78258
78259
78260
78261
78263
78264
78265
78266
78268
78269
78270
78278
78279
78280
78283
78284
78285
78287
78288
78289
78291
78292
78293
78294
78295
78296
78297
78298
78299
78586
79848
78383
78384
79849
78588
78589
78666
78667
78590
78591
78592
78593
78067
79780
78385
76685
78154
78956
76573
77983
78594
78155
78156
79781
77984
79851
78387
78389
78159
78957
78069
78669
78070
78163
79782
78670
78160
78671
77986
78595
78161
77987
78390
78883
79783
76574
76686
77988
76501
76502
76503
76504
76505
76508
79852
77989
76577
76687
76578
78060
78071
78072
77990
79853
78672
79785
79786
76579
78162
78391
78148
78150
78884
78801
78802
79854
76689
77991
78885
79855
77901
77902
77903
77904
77905
78073
76701
76702
76703
76704
76705
76706
76707
76708
76710
76711
76712
76714
76715
76716
76797
76798
76799
78959
78673
76690
78960
78074
77993
78962
78674
78596
78599
76691
77994
78963
76692
78075
79788
78675
78676
79789
78393
76693
78677
78886
77995
78164
78076
46102
46910
47916
47320
46701
46001
47917
46911
46103
46011
46012
46013
46014
46015
46016
46017
46018
46702
46703
46030
46704
46501
46104
46705
46912
46031
47918
46502
46706
46710
47420
46105
46106
47920
47421
46107
47322
46711
46769
46301
47512
47573
46713
47513
47580
47831
47424
47832
47401
47402
47403
47404
47405
47406
47407
47408
47464
46714
46110
46302
47324
47921
46504
47833
47834
46506
47836
46913
46507
47515
47922
46111
47923
46112
47220
47325
47516
47326
47924
47925
46914
46508
46915
47926
46916
46721
47223
47327
46113
46917
47224
47519
47514
47520
47574
47576
47837
47838
46032
46033
46082
46115
47928
46303
47521
47840
47330
47929
46117
46304
46723
46034
47225
47930
47841
46510
46118
47426
47226
47842
46120
47427
47845
46121
46035
46725
47201
47202
47203
47227
47331
46919
47228
46730
47846
47932
46731
47522
47933
47934
47935
47936
47937
47938
47939
46732
47229
46307
46308
46511
46920
47523
47334
47847
46122
46123
47940
47941
46733
47524
46921
46922
46923
46310
46926
47230
47525
46513
47335
47527
47848
47336
47337
47231
46311
47942
46312
47338
47339
46124
47528
47232
47236
46514
46515
46516
46517
47429
47529
46036
46125
46524
47849
46126
46928
47943
46127
47850
47340
47532
46128
46037
46038
46085
47234
46929
47851
46039
46040
46801
46802
46803
46804
46805
46806
46807
46808
46809
46814
46815
46816
46818
46819
46825
46835
46845
46850
46851
46852
46853
46854
46855
46856
46857
46858
46859
46860
46861
46862
46863
46864
46865
46866
46867
46868
46869
46885
46895
46896
46897
46898
46899
47341
46129
46130
47944
47984
47986
46930
47946
46041
46131
46162
46044
47431
47535
47235
47249
46737
47432
46931
46932
46738
46401
46402
46403
46404
46405
46406
46407
46408
46409
46410
46411
46933
47342
46740
47537
46133
47948
46526
46527
46528
47433
46741
46530
47852
46135
46140
47344
47240
47261
47345
46936
46142
46143
46319
46531
46144
47346
46742
46532
46320
46321
46322
46323
46324
46325
46327
46340
47243
46743
47853
47434
47348
47244
47245
46341
47435
47436
46937
47949
47988
47854
46745
46342
46047
47541
47246
46746
46747
46748
47542
46750
47437
47855
47950
46201
46202
46203
46204
46205
46206
46207
46208
46209
46211
46214
46216
46217
46218
46219
46220
46221
46222
46223
46224
46225
46226
46227
46228
46229
46230
46231
46234
46235
46236
46237
46239
46240
46241
46242
46244
46247
46249
46250
46251
46253
46254
46255
46256
46259
46260
46262
46266
46268
46274
46275
46277
46278
46280
46282
46283
46285
46290
46291
46295
46296
46298
46048
47545
46147
47438
47546
47547
47549
46938
47247
46049
46755
47351
47951
46935
46939
46759
46760
47952
46345
46346
46050
46148
47857
46534
46901
46902
46903
46904
47439
46347
46348
47954
47901
47902
47903
47904
47905
47906
47907
47909
47996
46940
46761
46941
46942
46349
46536
47531
47536
47550
46763
46537
46051
46350
46352
46764
46052
46538
46945
46765
47551
46355
47858
47352
47353
46766
46946
46767
47552
47955
47441
46149
46947
47553
47354
46356
46950
47355
47443
46055
46951
47250
46146
46150
47556
46952
46953
46770
46056
47859
46151
46957
46154
47860
47957
47260
47958
46539
47861
46958
46360
46361
46057
46540
47356
47445
46542
46365
46543
46156
47357
46544
46545
46546
47446
47358
46771
47959
46772
47557
46773
46157
46960
46968
47862
47558
47960
47962
47359
47360
46158
46160
47963
46161
47964
47361
46058
47302
47303
47304
47305
47306
47307
47308
46550
47448
47449
46552
47362
47863
46774
47366
47965
46163
46553
47263
47966
47967
47968
47969
46164
46060
46061
46062
47264
46366
46554
46943
46962
46165
47265
46555
46556
46965
47561
47367
47562
46967
47451
46063
46776
47452
46561
46777
47970
47564
47453
47971
47454
46166
47270
47368
47455
47865
46064
47369
47974
47370
46959
46961
46970
46971
47567
46778
46562
47866
47975
46167
46168
47568
46779
46780
46563
47868
46781
46368
47371
47381
47869
47870
46782
46170
47456
47373
46171
47977
47978
47980
47374
47375
47380
47871
46172
46974
46783
46975
46977
47830
47872
46371
46784
47981
47874
46372
46065
46978
46155
46173
46175
46979
47575
47875
46785
46373
47876
47577
47272
47578
46374
47579
47382
46375
46376
47273
47457
46067
47878
47383
46980
47274
46068
47879
46377
46176
47880
46069
46565
47384
47581
46982
47458
47459
46984
46601
46613
46614
46615
46616
46617
46619
46624
46626
46628
46634
46635
46637
46660
46680
46699
46786
46787
47460
46788
47385
47386
47462
47584
47463
46985
47982
47881
47585
46180
47983
47387
46789
47882
47388
46379
46070
46986
46987
47465
46567
47280
47586
47801
47802
47803
47804
47805
47807
47808
47809
47811
47812
46381
46071
46570
46045
46072
46571
46181
47588
47467
46988
46572
47390
46791
46382
47468
47884
46989
46990
47281
46383
46384
46385
46991
47987
47590
47282
47591
46992
46573
46182
46574
46994
46390
46792
46580
46581
46582
47501
46793
47989
46794
47990
47392
47469
46074
47991
46995
46183
47596
47992
47283
47885
46391
46380
46392
47597
46393
46184
46075
46394
46186
47470
47393
47993
46996
47394
46076
47994
46590
47598
47995
46795
46796
46797
47471
46595
47997
46798
47396
46998
46799
46077
49220
49221
49224
48001
49227
48101
48002
48003
48004
48103
48104
48105
48106
48107
48108
48109
48113
48401
48410
48005
48411
48412
48006
48413
48414
48111
48112
48415
48009
48012
49228
48301
48302
48303
48304
48114
48116
49229
49230
48416
48417
48418
49232
48014
48117
48419
49233
49281
48015
48118
49234
48346
48347
48348
48017
49235
49236
48420
48421
49237
48422
48350
48423
48120
48121
48122
48123
48124
48126
48128
48125
48127
48426
48427
49238
48201
48202
48203
48204
48205
48206
48207
48208
48209
48210
48211
48212
48213
48214
48215
48216
48217
48218
48219
48220
48221
48222
48223
48224
48225
48226
48227
48228
48229
48230
48231
48232
48233
48234
48235
48236
48237
48238
48239
48240
48242
48243
48244
48255
48260
48264
48265
48266
48267
48268
48269
48272
48275
48277
48278
48279
48288
48130
48428
48131
48429
48021
48022
48023
48331
48332
48333
48334
48335
48336
48430
48134
48501
48502
48503
48504
48505
48506
48507
48509
48519
48529
48531
48532
48550
48551
48552
48553
48554
48555
48556
48557
48433
48434
48435
48026
49239
48436
48135
48136
48437
48027
48438
48439
48480
49240
48137
48138
48440
48139
49241
48441
48028
48353
48030
48356
48357
49242
48442
49245
49246
49247
48140
48444
48141
49201
49202
49203
49204
49248
48032
49249
49250
48320
48432
48445
48143
48359
48360
48361
48362
48366
48144
48446
48449
48367
49251
48450
48146
48451
49252
48150
48151
48152
48153
48154
48158
49253
48039
48453
48040
48454
48041
48455
49254
48160
48380
48381
48456
48465
48110
48133
48145
48157
48159
48161
48162
48166
49255
48457
49256
49257
49258
48035
48036
48038
48042
48043
48044
48045
48046
48458
49259
49261
48047
48051
48164
48048
48050
48165
48460
49262
48461
48049
48167
48168
48175
49263
48374
48375
48376
48377
49264
49265
48462
49266
48463
49267
48464
48370
48371
49268
49269
48466
49270
48169
49271
49272
48170
48321
48322
48323
48324
48325
48326
48340
48341
48342
48343
48467
48468
48059
48060
48061
48469
49274
48062
48063
48064
49276
49277
48306
48307
48308
48309
48363
48173
48065
48096
48174
48066
48067
48068
48069
48070
48071
48072
48073
48470
48115
48176
48177
49279
48471
48074
48472
49282
48025
48033
48034
48037
48075
48076
48086
48178
48179
49283
49284
48054
48079
48080
48081
48082
49285
48473
48180
49286
48182
49287
48183
48007
48083
48084
48085
48098
48099
48475
48387
48310
48311
48312
48313
48314
48315
48316
48317
48318
48476
49288
48382
48390
48391
48088
48089
48090
48091
48092
48093
48397
48094
48095
48327
48328
48329
48330
48383
48386
48184
48185
48186
48187
48188
49289
48189
48190
48191
48393
48192
48193
48195
48097
48197
48198
49610
49301
49355
49356
49357
49705
49901
48701
49706
49611
49612
48610
49010
49401
48801
49707
49902
49302
49903
49613
48806
49011
49709
49905
48611
48703
49012
49806
49303
49304
49013
48807
49908
49710
49807
49101
49305
48705
48808
49014
49015
49016
49017
49018
49037
48706
48707
48708
48710
48720
49614
48612
49020
48809
48887
49615
49021
49306
49022
49023
49616
49910
49102
49103
49104
49911
49617
49808
49307
49309
49310
49026
49618
49712
49713
49311
49402
48614
48615
49027
49619
48722
49106
49715
49312
49028
49912
49716
49107
49620
49029
49314
49030
49717
49315
49601
49316
49805
49913
49918
49942
49317
49812
48723
49718
48724
48811
48725
49318
49915
48726
49031
49621
48812
49319
49719
49622
49032
49033
49814
49815
49711
49720
48813
49623
49916
49816
49721
48616
49320
48617
48815
48727
49034
49035
48816
49036
48618
49038
49039
49040
48619
49041
49321
49403
49042
49722
49817
49404
49625
49917
49322
49818
49819
48817
49043
49919
49723
48818
49920
48728
49820
49405
49724
49821
48819
49045
49822
48729
49046
49725
48820
48821
49922
49323
49406
49047
49050
49726
48822
49727
49626
48823
48824
48825
48826
49051
49627
48730
48827
49111
49825
49826
49728
48620
48829
49112
49130
49628
49629
48731
49729
48830
49730
48831
48832
49630
49827
49829
48732
48833
49631
49925
48733
48621
49632
48622
49831
49877
49408
48834
48870
49409
49633
49634
49834
49410
48835
48836
48734
48787
49635
49733
48623
49325
49411
49412
49413
49415
49052
49927
48735
49053
49113
49835
49734
49735
49836
49837
48624
49636
49416
48737
49055
49736
49838
49326
49417
49056
48837
49839
49501
49502
49503
49504
49505
49506
49507
49508
49509
49510
49512
49514
49515
49516
49518
49519
49523
49525
49528
49530
49534
49544
49546
49548
49555
49560
49588
49599
49418
49468
49327
49637
49738
49739
48738
49929
48838
49840
49841
48739
49419
49930
49115
49737
49740
49638
49845
48625
48740
49420
49057
48840
49058
49743
48626
48841
49847
49744
49639
49421
49745
49060
48627
49746
49422
49423
49424
48842
49425
49640
48628
49328
49921
49931
48629
48630
49329
48843
48844
48855
49747
48845
49934
49426
49748
49642
49749
49848
49643
48846
49801
49802
49935
49644
49938
49849
49865
48847
49427
49428
49429
49751
49061
49001
49002
49003
49004
49005
49006
49007
49008
49009
49019
49024
49048
49645
49646
48631
49062
49330
49648
49649
48741
49752
49753
49063
48848
48632
49650
49651
48633
49653
49945
48849
49116
48850
49430
49946
48901
48906
48908
48909
48910
48911
48912
48913
48915
48916
48917
48918
48919
48921
48922
48924
48929
48930
48933
48937
48950
48951
48956
48980
49064
49065
49654
49066
49655
49755
49756
48742
48634
49833
48743
49331
49431
48635
49656
48636
48851
49657
48852
49853
49434
49757
49701
49659
49660
49854
49663
49664
48853
49067
49947
49665
49435
49855
49068
49070
48854
49948
49071
49666
48744
49436
49332
49072
49858
48637
49667
49668
49861
48856
49333
48640
48641
48642
48667
48670
48674
48686
48745
49759
48746
48647
49950
49335
49437
49760
49336
48857
48804
48858
48859
48860
49761
48861
48747
49862
49440
49441
49442
49443
49444
49445
49863
49864
49073
48748
49762
49074
49866
49337
49868
49117
49446
49119
49120
49952
49670
48862
49870
49075
49448
48649
49764
48805
48864
49673
49076
49674
48749
49765
49675
49953
48865
48750
49077
49766
49078
48866
48754
48867
49955
49871
49768
49338
49079
49958
49769
49449
49872
48871
49873
48872
49770
48873
49774
49339
48755
48650
49080
49775
48874
49081
48875
49776
48876
49874
48756
49777
48651
49450
49082
49876
49959
49676
49878
49451
49677
48757
49340
49879
48613
48652
49083
48758
48877
49084
49880
49341
49351
49960
49342
49779
48653
48878
48654
49452
49780
48601
48602
48603
48604
48605
48606
48607
48608
48609
48638
48663
49881
48655
48656
49781
49782
48879
49085
48880
49343
48657
48881
49453
49783
49784
49785
49786
49788
49125
49087
49088
49454
49679
48759
49883
48882
49455
49344
48883
48884
49089
49884
49961
48885
48760
48886
49885
49962
49126
49680
48761
49090
49963
49886
49345
49456
48721
48762
49964
48658
48888
49346
49887
48659
49127
49091
48889
48890
49682
48763
48764
49092
49683
49128
49093
49965
49791
49792
49684
49685
49686
49696
49891
49967
49793
49347
48765
49688
48766
49457
49094
49129
48767
49095
49795
48768
49096
48891
49097
49852
49892
49968
49458
49459
49893
49796
49797
49969
49098
49970
49348
48892
48893
49894
49689
48661
49460
48894
49895
48662
49349
49461
49463
49099
49971
48770
49690
48895
49896
48896
49799
48897
49464
60002
61001
60004
60005
60006
60007
60008
60009
61006
61007
60010
60011
61008
60089
61010
61011
61012
60013
61013
61014
61015
61016
60290
60012
60014
60039
61018
61019
61020
60015
60016
60017
60018
60019
61021
61024
61025
61027
61028
60201
60202
60203
60204
60208
60209
61030
60020
60021
61031
61032
61036
61037
61038
61039
60022
60025
60026
60029
60030
60031
61041
61042
60001
60033
60034
60035
60037
60040
61043
60041
60042
