60043
61044
60044
60045
60046
60047
61046
61047
61048
60048
60069
61049
61050
60050
60051
61051
61052
60053
61053
61054
60056
60060
60061
61057
61059
60062
60065
60064
60086
60088
61060
61061
60038
60055
60067
60074
60078
60094
60095
60068
61062
61063
61064
61065
60070
60071
61067
60072
61068
61070
61071
61101
61102
61103
61104
61105
61106
61107
61108
61109
61110
61111
61112
61114
61115
61125
61126
61130
61131
61132
61072
61073
60073
60075
61074
61075
61077
61078
61079
60076
60077
61080
60081
61081
61084
61085
60082
60083
61087
60084
60079
60085
60087
60090
60091
61088
60093
61089
60096
60097
60098
61091
60099
54405
54101
53910
53927
53001
53501
53502
54201
53002
54909
54102
54406
54407
54408
54409
54430
54911
54912
54913
54914
54915
54919
53503
54511
53504
53911
54103
54410
53003
54104
54411
54412
53505
53506
54413
53801
54202
54921
53913
53507
53101
54922
53916
53802
53004
53508
53510
53511
53512
53803
54923
53103
54926
54414
54106
53515
53516
54415
53804
53517
53518
54107
54182
53805
53827
54512
54416
53919
54513
53920
54110
53104
53520
54417
53005
53008
53045
53521
53006
53522
54204
53105
53922
53007
54927
54514
53108
53923
53523
53010
53109
54928
53011
54205
53806
54515
53924
54111
53012
53013
54420
53014
54517
53015
53525
54929
53016
53526
54421
54112
53017
54207
54930
53925
54113
54519
53527
54520
54114
53528
53807
53110
54422
54423
54931
53926
53529
53114
53530
54418
54424
54462
53531
53532
53018
53115
54208
54115
53808
53533
53595
54425
53118
53928
53119
54521
53120
53019
54426
53534
54209
54427
54429
54428
54932
53020
53121
54210
53122
53929
54933
53930
54211
54934
53536
53931
53932
54120
53809
54524
54212
54121
54935
54936
54937
53125
53537
54123
54213
53538
53933
54214
53126
53021
54940
53934
53935
53127
53128
53022
54525
54124
54433
54434
54439
54435
53023
54526
53810
54527
54125
53540
53024
53936
54436
53541
54301
54302
54303
54304
54305
54306
54307
54308
54311
54313
54324
54344
53026
53129
54941
54126
54942
54437
54128
53130
53132
54943
54529
53027
53029
54440
54530
53811
54531
53137
53543
54129
53937
53031
53544
53138
53032
54944
53033
54534
53034
54945
54990
54442
54536
53035
53036
53037
53545
53546
53547
53548
53549
53038
53550
54443
53039
53139
54130
54131
54215
54537
53140
53141
53142
53143
53144
54135
53040
54216
53042
53812
54136
54946
53939
53044
54127
54137
54171
54538
53940
53147
53551
54539
54543
54138
53813
54540
53046
54541
54947
53941
53047
54139
54948
53942
53535
53553
54140
54141
53554
53555
53943
53048
53556
54542
53557
54446
54447
54217
53944
53148
53558
53562
53593
53701
53702
53703
53704
53705
53706
53707
53708
53711
53713
53714
53715
53716
53717
53718
53719
53725
53726
53744
53774
53777
53778
53779
53782
53783
53784
53785
53786
53788
53789
53790
53791
53792
53793
53794
53049
54949
54545
54220
54221
54226
54448
54227
54143
54950
53946
53947
53559
54404
54441
54449
54472
54450
54464
53948
53050
53560
54451
54546
54952
53051
53052
54547
54452
53561
53056
54454
53563
53201
53202
53203
53204
53205
53206
53207
53208
53209
53210
53211
53212
53213
53214
53215
53216
53217
53218
53219
53220
53221
53222
53223
53224
53225
53226
53227
53228
53233
53234
53235
53237
53259
53263
53267
53268
53274
53278
53288
53290
53293
53295
53565
54548
54228
53566
53949
53569
53570
54550
54565
53571
54455
54149
53057
53816
53572
53149
53573
53150
53058
54956
54957
54456
54457
54458
54150
53059
54960
53060
54229
53574
53061
53062
53950
54961
53152
53063
54151
54152
53951
53064
53153
53154
53065
53066
54153
54154
54962
54459
53069
54963
54155
53070
53575
53542
53576
54901
54902
54903
54904
54906
54460
53952
53953
53156
53954
54552
53817
54463
53157
54119
54156
54157
53072
54554
54555
54465
54964
54965
54466
53577
54966
53818
53158
54467
53073
53901
54469
54159
53074
53820
54160
54161
53159
53955
54967
53821
53578
54556
54557
54968
54162
53401
53402
53403
53404
53405
53406
53407
53408
53956
53957
53075
54969
54970
53958
53959
54230
53579
53580
54501
54470
53076
53581
53582
54471
53960
54971
53167
53961
54974
54473
54474
53078
54475
53079
54558
54232
53168
53583
53080
54976
54559
54560
54561
54977
54476
53584
54165
53585
54166
53081
53082
53083
53085
54169
54170
53586
53170
53824
54234
53086
53171
53172
53587
54479
53176
53588
54480
54481
54482
54492
53825
53088
53589
54484
54235
53177
54173
53178
54485
53590
53596
54174
53089
53091
53092
53097
54562
54486
54978
54240
54487
54532
54563
54175
53102
53179
54564
53181
54241
53962
53182
54488
54245
54979
54489
54566
53093
53183
53184
54246
53185
53594
53094
53098
54980
53146
53151
53186
53187
53188
53189
53597
54981
53963
54401
54402
54403
54177
54982
53826
53090
53095
54490
53964
54983
54491
54247
53190
54984
54493
53191
53192
53598
54985
54986
53965
54494
54495
54498
54432
54499
53968
53599
53099
54568
53194
54180
53969
53195
61410
61411
60101
61412
60102
60156
61413
61468
61414
61310
61720
61312
61721
60910
61722
60911
61501
61723
60502
60503
60504
60505
60506
60507
60568
60572
60598
61415
61416
60103
60107
60133
60510
60539
60912
60401
61724
60104
60105
60106
61516
61417
60402
61418
60511
61419
61313
61420
61475
60108
60117
61701
61702
61704
61705
61709
61710
61791
61799
60406
60913
60914
60407
61421
60915
60408
61517
60512
60513
61519
60917
60918
61314
61315
60109
61422
60919
60409
61423
61424
60920
61520
60116
60122
60128
60132
60188
60197
60199
61725
61425
60110
61426
61316
60410
60921
60922
61726
61317
60499
60411
60412
60415
61523
60924
60111
60514
60926
60927
61727
60416
61728
61318
61729
61730
61319
60112
60928
60113
60417
61731
61427
60929
61428
61320
61321
60930
61732
61733
60115
61734
61322
61735
60419
60931
61323
60515
60516
60517
61736
60118
61524
61525
60420
60518
61430
60932
61526
61528
60119
61324
60120
60121
60123
60124
60170
60933
61431
61737
60126
61529
61738
60421
60934
60519
60129
60935
61530
61739
61432
61531
61433
61740
60422
61532
60130
61741
60599
60423
60131
60176
61401
61402
61434
60424
60134
60135
60936
60136
60938
61436
61437
61533
60137
60138
60139
60425
61742
61438
60939
61325
60940
61326
61743
61534
61744
61535
60140
61536
60426
60428
60429
61439
61327
61537
60941
61745
60520
60141
60521
60522
60523
60527
60561
60430
60942
61747
60944
61748
60142
61440
61441
60945
60143
60403
60404
60431
60432
60433
60434
60435
60436
60144
60901
61328
61442
60946
61749
61443
60145
61539
60437
60146
61447
61448
61540
61329
61449
60147
60525
60526
61450
61330
61750
60438
61541
61301
61451
61751
60530
61331
60531
60439
60440
60490
61332
61752
61542
61753
60532
61452
61453
61543
60441
60446
60491
60948
61454
60148
61544
61333
61334
61545
60949
60534
61754
61335
61755
61455
61336
61337
60150
60442
61546
61338
60950
60151
61547
61458
60152
61459
61340
61756
61341
60951
60443
60153
60154
60155
60444
61460
60157
60160
60161
60162
60163
60164
60165
60952
61342
61758
61548
60445
60953
60536
60537
61344
61759
61760
60447
60448
60954
60449
61435
61462
60538
60450
61550
61552
60540
60563
60564
60565
60566
60567
61345
60541
61346
60451
61465
61761
61790
61553
60542
61466
60452
60453
60454
60455
60456
60457
60458
60459
60301
60302
60303
60304
60305
60460
61348
61349
60461
60955
61467
61469
60462
60467
60543
61350
60463
60464
60956
60466
60484
61353
60957
61554
61555
61558
61601
61602
61603
61604
61605
61606
61607
61610
61611
61612
61613
61614
61615
61616
61625
61629
61630
61633
61634
61635
61636
61637
61638
61639
61641
61643
61650
61651
61652
61653
61654
61655
61656
60468
61354
60959
60544
60585
60586
60545
61764
60469
61470
61356
61559
61560
60960
60470
61471
60961
60471
61472
60171
60546
61561
60472
60962
61562
61473
60963
61358
60958
60964
61474
60174
60175
61563
60548
61769
61770
60159
60168
60169
60172
60173
60179
60192
60193
60194
60195
60196
61476
61359
61771
61360
60549
60550
61361
60966
60551
61772
61773
61477
61478
60552
60177
60473
61564
60474
61565
61479
61362
61363
61774
60475
60553
60967
61775
61311
61364
61480
61367
60554
60501
60178
61482
60968
60476
60477
60478
60487
61368
61369
61370
61567
61483
61776
61568
61371
61569
61372
60180
60969
61373
61374
61375
61484
60479
61485
60181
61486
61376
61777
60555
60183
61570
61571
61488
60556
60970
60184
61778
60557
60973
61377
61378
60185
60186
60558
60559
60187
60189
61489
60480
60481
60190
60191
60399
61490
60974
60465
60482
61379
61491
61572
60560
60601
60602
60603
60604
60605
60606
60607
60608
60609
60610
60611
60612
60613
60614
60615
60616
60617
60618
60619
60620
60621
60622
60623
60624
60625
60626
60628
60629
60630
60631
60632
60633
60634
60636
60637
60638
60639
60640
60641
60642
60643
60644
60645
60646
60647
60649
60651
60652
60653
60654
60655
60656
60657
60659
60660
60661
60664
60666
60668
60669
60670
60673
60674
60675
60677
60678
60680
60681
60682
60684
60685
60686
60687
60688
60689
60690
60691
60693
60694
60695
60696
60697
60699
60701
60706
60707
60712
60714
60803
60804
60805
60827
62214
62215
62806
62833
62843
62601
62001
62410
61810
62807
62610
62411
62002
62905
61811
62906
62413
61910
62611
62501
61812
61911
62612
62808
61912
62510
62613
61913
62615
62311
62344
62907
62216
62217
62312
62218
62313
62006
62617
62314
62618
62512
62219
62414
62444
62908
62810
62220
62221
62222
62223
62225
62226
62811
61813
62009
62812
62010
61914
62011
61814
62513
62621
62622
62814
62909
61815
62815
62816
62514
62316
62230
62417
62012
61816
61917
62910
62817
62624
62818
62418
62013
62819
62515
62517
62912
62014
62820
62015
62914
62419
61919
62915
62319
62916
62320
62625
62901
62902
62903
62626
62231
62821
62917
62016
62918
62321
62420
62232
61817
62919
62801
61818
62323
61820
61821
61822
61824
61825
61826
62627
62628
61920
62629
62233
62630
62518
61924
62822
61830
62823
62421
62824
62324
62325
62920
62825
62017
62326
62234
61831
62921
62236
62329
62631
62519
62018
62237
62422
62922
62827
62238
62923
62828
62829
62330
61925
61832
61833
61834
62520
62521
62522
62523
62524
62525
62526
61839
62924
61840
62424
62530
62830
62926
62019
62021
62022
62927
62831
62425
62239
62832
62023
62024
62240
62633
62201
62202
62203
62204
62205
62206
62207
62208
62928
62426
62531
62025
62026
62401
62930
62027
62931
62634
62932
62241
62028
62334
62532
62635
62834
62933
62835
62934
62242
62836
62809
62837
61841
62838
61842
62533
62336
62030
62031
62032
62534
61843
61844
62427
62839
61845
62535
62338
62840
62638
62639
62243
62841
62244
62935
62842
61846
62245
61847
62033
62640
62536
62034
62035
62938
62339
62036
62939
62940
62037
62941
62942
62040
62943
62844
62044
62428
62642
62246
62340
62247
62045
62046
62341
61929
62047
62946
62537
62048
62643
62538
62644
62248
61848
62947
62431
62948
62649
62432
62249
62049
62050
61930
62250
61849
62803
62252
62343
61931
61932
62949
62433
62539
62846
61850
62434
62051
62848
62849
61851
62650
62651
62950
62435
62052
62436
62850
62951
62952
62953
62954
62053
62054
61933
62955
62956
62851
62852
62853
62253
62655
62540
62345
62854
62541
62855
61936
62346
62543
62439
62254
62255
62440
62347
62348
62656
62056
62660
62058
62661
62856
61852
62349
62858
62059
61937
62957
62859
62860
62544
62060
62256
61853
62958
62663
61854
62061
62959
62257
62423
62441
62442
62062
62258
62443
62664
61938
62861
62545
62063
62259
62351
62665
61940
62960
62065
62666
62961
62962
62862
62260
61855
62352
62667
61856
62445
62067
62546
62963
62964
62547
62863
62446
62069
62548
62353
62864
62549
62550
62070
62965
62262
62865
61857
61941
62966
62668
62263
62866
62071
62354
62355
62447
62264
62265
62670
62967
62356
62074
62867
62671
61942
62266
62357
62448
62551
62672
62358
62868
62075
62869
62268
62673
61943
61858
62449
62553
62870
62269
61859
62076
62271
62969
62970
62450
62871
62872
62971
62554
62874
62555
62972
62451
62556
62674
62359
62557
62077
61944
62452
62875
62078
62558
62360
62361
61862
62272
62973
62362
61863
62659
62675
61864
62079
62273
62274
62974
62363
62365
62366
62677
62367
62275
62975
61865
62261
62277
62976
62301
62305
62306
62876
62977
62080
61866
62560
62278
61949
62279
62877
61870
62979
62878
62561
62454
62563
62081
62370
62280
62082
62083
62982
62084
61871
62983
62681
61872
62879
62458
62459
62460
62281
61873
62282
62880
62881
62882
62682
61874
62085
62883
62683
62884
61875
62984
62565
62684
62685
62885
62461
61876
61877
62462
62985
62886
62284
62285
62086
62087
62286
62887
62701
62702
62703
62704
62705
62706
62707
62708
62711
62712
62715
62716
62719
62721
62722
62723
62726
62736
62739
62756
62757
62761
62762
62763
62764
62765
62766
62767
62769
62776
62777
62781
62786
62791
62794
62796
62088
62288
62463
62987
62567
62464
62465
61951
62289
62466
62688
62888
62988
62993
62089
62568
62374
62467
62889
62689
62990
61878
62890
62292
62375
62468
61880
62570
62438
62571
62293
62469
62294
61953
62992
61801
61802
61803
62376
62891
62295
62471
62090
62994
61955
62892
62378
62995
61956
62996
62690
62691
62572
62893
62297
62091
62894
62573
62373
62379
62298
62473
62662
62692
62895
61882
62474
62896
62475
62380
62476
62477
61883
62478
62479
62092
61884
62897
62693
62997
62480
62093
62694
61928
61957
62094
62998
62898
62095
62695
62097
62098
62899
62481
62999
63430
63330
65001
65230
63010
65320
65010
63530
63332
65231
63011
63021
63022
63024
63531
65011
63012
63013
65013
63333
65232
63014
63532
65321
65322
65014
65062
65016
65233
63334
63533
65017
65236
65246
65286
65237
65239
65323
65018
65042
63534
65020
63435
63015
63016
63436
65023
65240
65024
63005
63006
63017
63431
63437
65243
65025
63336
65244
65324
65325
65201
65202
65203
65205
65211
65212
65215
65216
65217
65218
65299
63338
63019
63339
63341
63020
63023
63536
63438
63342
63537
65326
65026
65072
63538
63343
63439
65327
63344
63539
65032
63025
63440
65247
63345
65248
63026
63099
63028
63030
63346
65329
63031
63032
63033
63034
63347
63348
65034
63441
65250
65035
63036
65251
63037
65330
65254
63038
63541
63543
65037
65038
63039
63544
63545
65332
63546
63040
63041
65255
63401
65256
65039
63349
63042
63043
63044
63045
63047
65040
63048
65041
65257
63350
63049
63050
65258
65043
63051
65333
65334
63443
65259
63547
63052
63053
65335
65260
65046
65101
65102
65103
65104
65105
65106
65107
65108
65109
65110
65111
63351
63445
65047
65261
65262
63501
65305
65336
63446
65048
63055
63447
63352
63448
65049
65337
63535
63548
63540
63549
65050
63451
63056
63452
63057
65338
65051
65052
63551
65053
63060
63061
65054
63353
63453
65055
63552
65263
65339
63065
65340
63357
65264
63454
63555
65058
65265
65344
63359
63556
65270
65059
63456
63361
63457
65345
65036
65061
63066
63362
65347
63458
65063
63557
63558
63363
65274
63068
63433
63459
63365
63460
63559
63366
63367
63368
63369
65064
63370
65065
65348
65066
63069
63461
65275
63462
63070
63463
65276
63464
63560
63373
65067
65068
63561
65278
63465
65069
63071
63072
65279
63091
65280
65074
63563
63073
63074
63301
63302
63303
63304
63077
65075
63101
63102
63103
63104
63105
63106
63107
63108
63109
63110
63111
63112
63113
63114
63115
63116
63117
63118
63119
63120
63121
63122
63123
63124
63125
63126
63127
63128
63129
63130
63131
63132
63133
63134
63135
63136
63137
63138
63139
63140
63141
63143
63144
63145
63146
63147
63150
63151
63155
63156
63157
63158
63160
63163
63164
63166
63167
63169
63171
63177
63178
63179
63180
63182
63188
63195
63197
63199
63466
63376
65076
65281
65282
63467
65301
65302
63450
63468
63434
63469
63377
65349
65350
63079
65077
65283
65078
65284
63080
65079
65351
65354
63471
65080
65285
65081
63378
63379
63381
65082
65083
63084
63565
63087
63088
63382
65084
63089
63383
65355
63090
63472
63384
63385
63386
65085
63387
63388
63473
65360
63389
63566
65287
63567
63390
63432
63442
63474
20001
20002
20003
20004
20005
20006
20007
20008
20009
20010
20011
20012
20013
20015
20016
20017
20018
20019
20020
20022
20023
20024
20026
20027
20029
20030
20032
20033
20035
20036
20037
20038
20039
20040
20041
20042
20043
20044
20045
20046
20047
20049
20050
20051
20052
20053
20055
20056
20057
20058
20059
20060
20061
20062
20063
20064
20065
20066
20067
20068
20069
20070
20071
20073
20074
20075
20076
20077
20078
20080
20081
20082
20088
20090
20091
20097
20098
20201
20202
20203
20204
20206
20207
20208
20210
20211
20212
20213
20214
20215
20216
20217
20218
20219
20220
20221
20222
20223
20224
20226
20227
20228
20229
20230
20232
20233
20235
20237
20238
20239
20240
20241
20242
20244
20245
20250
20251
20254
20260
20261
20262
20265
20266
20268
20270
20277
20289
20299
20301
20303
20306
20307
20310
20314
20317
20318
20319
20330
20340
20350
20355
20370
20372
20373
20374
20375
20376
20380
20388
20389
20390
20391
20392
20393
20394
20395
20398
20401
20402
20403
20404
20405
20406
20407
20408
20409
20410
20411
20412
20413
20414
20415
20416
20417
20418
20419
20420
20421
20422
20423
20424
20425
20426
20427
20428
20429
20431
20433
20434
20435
20436
20437
20439
20440
20441
20442
20444
20447
20451
20453
20456
20460
20463
20468
20469
20470
20472
20500
20501
20502
20503
20504
20505
20506
20507
20508
20509
20510
20511
20515
20520
20521
20522
20523
20524
20525
20526
20527
20528
20529
20530
20531
20532
20533
20534
20535
20536
20537
20538
20539
20540
20541
20542
20543
20544
20546
20547
20548
20549
20551
20552
20553
20554
20555
20557
20558
20559
20560
20565
20566
20570
20571
20572
20573
20575
20576
20577
20578
20579
20580
20581
20585
20586
20590
20591
20593
20594
20597
20599
20606
20607
20701
20608
20861
20862
20609
20838
20610
20839
20611
20704
20705
20612
20810
20811
20813
20814
20815
20816
20817
20824
20825
20827
20889
20892
20894
20710
20715
20716
20717
20718
20719
20720
20721
20841
20613
20722
20833
20615
20616
20617
20866
20618
20818
20619
20620
20731
20743
20747
20753
20791
20799
20621
20622
20623
20732
20733
20871
20624
20735
20625
20740
20741
20742
20626
20627
20872
20628
20751
20842
20629
20630
20754
20632
20755
20744
20745
20749
20750
20758
20759
20877
20878
20879
20882
20883
20884
20885
20886
20898
20899
20765
20896
20874
20875
20876
20812
20769
20634
20768
20770
20771
20776
20635
20777
20636
20637
20639
20781
20782
20783
20784
20785
20787
20788
20640
20643
20645
20794
20891
20895
20703
20706
20646
20707
20708
20709
20723
20724
20725
20726
20650
20653
20711
20656
20657
20658
20659
20660
20712
20661
20662
20664
20682
20714
20830
20832
20736
20667
20670
20674
20675
20837
20676
20677
20678
20697
20790
20797
20680
20737
20738
20847
20848
20849
20850
20851
20852
20853
20854
20855
20857
20859
20684
20685
20686
20860
20763
20687
20764
20901
20902
20903
20904
20905
20906
20907
20908
20910
20911
20912
20913
20914
20915
20916
20918
20993
20997
20688
20868
20897
20689
20690
20746
20748
20752
20757
20762
20779
20772
20773
20774
20775
20792
20692
20601
20602
20603
20604
20880
20693
20778
20695
20588
20598
21001
21005
21010
21009
21520
21710
21810
21401
21403
21404
21405
21409
21411
21412
21402
21012
21013
21092
21201
21202
21203
21204
21205
21206
21207
21208
21209
21210
21211
21212
21213
21214
21215
21216
21217
21218
21219
21220
21221
21222
21223
21224
21225
21226
21227
21228
21229
21230
21231
21233
21234
21235
21236
21237
21239
21240
21241
21244
21250
21251
21252
21263
21264
21270
21273
21275
21278
21279
21280
21281
21282
21284
21285
21286
21287
21288
21289
21290
21297
21298
21607
21521
21014
21015
21017
21018
21811
21609
21610
21711
21813
21522
21814
21523
21713
21020
21612
21714
21022
21715
21716
21758
21717
21718
21023
21613
21719
21720
21913
21617
21914
21027
21915
21619
21620
21690
21721
21916
21622
21623
21656
21028
21029
21722
21030
21031
21065
21917
21044
21045
21046
21918
21625
21524
21626
21675
21817
21627
21114
21032
21628
21501
21502
21503
21504
21505
21034
21035
21036
21821
21629
21919
21631
21601
21528
21822
21037
21040
21920
21921
21922
21529
21041
21042
21043
21727
21824
21733
21047
21632
21048
21634
21530
21050
21051
21052
21701
21702
21703
21704
21705
21709
21053
21531
21532
21826
21734
21635
21054
21930
21056
21829
21057
21060
21061
21062
21737
21738
21071
21636
21536
21638
21639
21740
21741
21742
21746
21747
21748
21749
21074
21750
21075
21076
21077
21078
21830
21640
21641
21643
21082
21644
21084
21755
21085
21756
21645
21757
21087
21538
21759
21762
21835
21090
21723
21765
21766
21539
21093
21094
21541
21088
21102
21836
21837
21838
21649
21105
21650
21767
21106
21769
21542
21543
21108
21651
21111
21770
21771
21545
21773
21840
21652
21841
21653
21754
21774
21775
21776
21901
21550
21842
21843
21113
21555
21117
21654
21120
21849
21122
21123
21128
21130
21902
21903
21131
21556
21850
21852
21851
21777
21904
21655
21853
21132
21856
21657
21658
21133
21557
21857
21136
21659
21139
21660
21911
21140
21661
21778
21779
21662
21780
21781
21624
21647
21663
21801
21802
21803
21804
21664
21144
21146
21782
21861
21665
21862
21150
21783
21863
21152
21560
21153
21666
21667
21864
21154
21668
21561
21784
21787
21669
21670
21788
21671
21672
21673
21790
21865
21866
21791
21792
21155
21867
21156
21869
21793
21912
21540
21562
21794
21157
21158
21871
21890
21872
21160
21161
21162
21874
21795
21676
21797
21798
21104
21163
21648
21677
21678
21679
21875
20105
22301
22302
22303
22304
22305
22306
22307
22308
22309
22310
22311
22312
22313
22314
22315
22320
22331
22332
22333
22334
22350
20106
22003
22201
22202
22203
22204
22205
22206
22207
22209
22210
22211
22212
22213
22214
22215
22216
22217
22219
22222
22225
22226
22227
22230
22240
22241
22242
22243
22244
22245
22246
20146
20147
20148
20149
22712
22610
22611
20135
22713
22716
22620
22714
22715
20136
20137
20138
20139
20143
20119
20120
20121
20122
22622
22624
20124
22625
22701
22722
20144
20101
20102
20103
20104
20189
22025
22026
22718
20151
20152
20153
22030
22031
22032
22033
22034
22035
22036
22037
22038
22039
22040
22041
22042
22043
22044
22046
22626
22627
22640
22060
22652
22623
22630
20155
20156
22720
22637
22066
20158
20159
20168
20169
20170
20171
20172
20190
20191
20192
20194
20195
20196
22095
22096
22723
22639
22724
20175
20176
20177
20178
22725
22726
22736
22642
22079
22199
20180
22067
22101
22102
22103
22106
22107
22108
22109
22709
22711
22719
22727
20108
20109
20110
20111
20112
20113
22643
20115
20116
22644
20117
20118
22645
22649
22728
22646
22729
22121
22122
20181
20182
22081
22082
22116
22119
22730
22125
20128
20129
20131
22731
20132
20134
20160
22134
22135
22732
22733
20140
22734
22735
22118
22650
22737
22746
22738
20141
20142
22739
22740
22749
22009
22015
22150
22151
22152
22153
22156
22158
22159
22160
22161
22654
22655
22656
20163
20164
20165
20166
20167
22741
22641
22657
22742
22743
20198
22660
22172
20130
20184
20185
22027
22124
22180
22181
22182
22183
22185
20186
20187
20188
22747
20197
22663
22601
22602
22603
22604
22748
22191
22192
22193
22194
22195
22664
23301
23001
22920
23821
23002
23003
22922
23004
23005
23302
23303
23483
24411
23009
24412
22923
23011
23915
22810
22924
23304
23015
23306
23018
22811
23307
23824
23308
23409
24413
23021
22427
22428
23917
23827
23919
23828
23022
22812
22815
23920
24415
23921
24416
23024
22432
22456
23922
22433
22435
23310
23419
23429
23313
23829
22436
23314
23315
23830
23027
22437
22438
22509
23030
23923
22901
22902
22903
22904
22905
22906
22907
22908
22909
22910
22911
23924
23941
23316
23320
23321
23322
23323
23324
23325
23326
23327
23328
23831
23836
23832
23838
23336
23337
23833
23032
24421
23899
23927
24422
23035
22442
22443
23834
23038
22446
23837
22931
24426
23341
23345
24430
23930
22820
24431
22932
23039
23934
23040
22448
22821
24432
23043
23839
23846
23840
23936
23841
23842
24433
22451
23843
23047
23937
23844
23938
22454
23050
22935
22936
23347
23845
22824
22827
23847
22937
23939
23350
23482
22938
24435
23901
23909
23943
22460
22939
23822
23850
23055
23056
23851
23354
22401
22402
22403
22404
22405
22406
22407
22408
22412
23856
22940
22830
22463
23857
23058
23059
23060
24438
23061
23062
23014
23063
22942
24439
23356
23942
23357
24440
22943
23064
24441
23065
23066
23067
22469
23068
23359
23630
23651
23661
23662
23663
23664
23665
23666
23667
23668
23669
23670
23681
23069
23389
23070
22801
22802
22803
22807
22848
23071
22471
23072
23107
23155
22472
22570
24442
22473
22831
23860
23395
24445
23076
22476
24448
22480
23397
23866
22945
23398
23867
23870
22481
23083
22946
23401
23944
23084
22947
23947
22482
23085
22485
22544
23086
22488
22833
23694
23950
22501
22503
22504
23089
23868
24450
23090
22834
22507
22948
22508
23092
23404
22511
23093
23170
22949
24457
23952
22835
22952
24458
22840
23872
23405
23102
23160
23103
23105
23106
23407
23408
23109
23110
23111
23116
23954
23410
23873
22513
24459
23112
23113
23114
22514
24460
23115
23117
24463
22517
24464
24465
24468
23192
22957
22520
22558
22581
23045
23119
22523
23120
22841
22524
22842
24437
24467
22843
23413
22958
23412
23414
23123
23415
24469
23124
22844
23125
23601
23602
23603
23604
23605
23606
23607
23608
23609
23612
23628
23874
23126
22526
23501
23502
23503
23504
23505
23506
23507
23508
23509
23510
23511
23512
23513
23514
23515
23517
23518
23519
23520
23521
23523
23529
23541
23551
23127
23025
23128
22959
23955
22528
23396
23416
23129
22529
23417
23130
23418
22530
22960
22989
23131
22845
23358
23420
22963
23958
23421
22534
22832
22846
23801
23803
23804
23805
23806
23959
22964
23138
24471
22535
23701
23702
23703
23704
23705
23707
23708
23709
23139
23875
23960
23140
23422
22847
23423
22965
23141
23962
24472
22538
23876
23963
23964
22539
23424
22542
23966
23075
23173
23218
23219
23220
23221
23222
23223
23224
23225
23226
23227
23228
23229
23230
23231
23232
23233
23234
23235
23236
23237
23238
23241
23242
23249
23250
23255
23260
23261
23269
23273
23274
23276
23278
23279
23282
23284
23285
23286
23288
23289
23290
23291
23292
23293
23294
23295
23297
23298
24473
23146
22967
22976
22545
22968
22546
23147
23023
23148
23161
23031
23149
23150
23153
23426
23967
23427
23154
22969
23696
22547
23878
24474
23108
23156
22548
22849
22971
22850
23879
23968
23430
23431
22972
23970
22552
22551
22553
23881
22430
22554
22555
22556
22973
22851
24401
24402
24476
23882
24477
23162
23432
23433
23434
23435
23436
23437
23438
23439
23883
23163
23884
23885
24479
23440
22560
23441
23399
23442
22565
22853
23168
23169
23443
22974
22567
23079
23175
23180
23887
24482
24483
23974
23450
23451
23452
23453
23454
23455
23456
23457
23458
23459
23460
23461
23462
23463
23464
23465
23466
23467
23471
23479
23480
28145
28146
28147
28575
28773
28774
28775
28577
28581
28578
28459
28467
28468
28469
23176
23888
23177
23178
23889
24484
22572
23890
23891
22980
22576
24485
22577
23091
23181
24486
22987
23183
23893
22578
23184
22579
23081
23185
23186
23187
23188
24487
23486
23894
23487
23488
22580
23190
23976
23897
23690
23691
23692
23693
23898
27006
27910
27201
27202
27501
27502
27523
27539
27007
27203
27204
27205
27805
27806
27915
27916
27503
27807
28604
28691
27917
27808
27809
27207
27009
27810
27811
27919
27208
27504
27010
27812
27209
27813
27814
28605
27213
28606
28607
28608
27011
27505
27214
27506
27507
27508
27215
27216
27217
27509
27920
27921
27229
27510
27511
27512
27513
27518
27519
27816
28609
27230
27231
27514
27515
27516
27517
27599
27817
28610
27520
27527
27528
27012
27013
27233
27521
27922
27923
27924
27235
28611
27925
27818
27819
28612
28613
27820
27014
27926
27927
27522
28615
27928
28616
28617
27929
27016
28618
27239
27017
28619
27701
27702
27703
27704
27705
27706
27707
27708
27709
27710
27711
27712
27713
27715
27717
27722
27242
27018
27288
27289
27932
27821
27243
27906
27907
27909
28621
28622
27822
27244
27823
27824
28623
27247
27935
27825
27826
27827
27828
28624
28626
27829
27524
27525
27248
27830
27936
27526
27529
27831
27832
27937
27938
27019
27249
28627
28628
28629
27530
27531
27532
27533
27534
27252
27253
27939
28630
28631
27401
27402
27403
27404
27405
27406
27407
27408
27409
27410
27411
27412
27413
27415
27416
27417
27419
27420
27425
27427
27429
27435
27438
27455
27495
27497
27498
27499
27833
27834
27835
27836
27858
27837
27256
27839
27840
27020
27941
28634
27942
27841
27943
27258
28635
27536
27537
27842
27930
27944
28601
28602
28603
28636
27259
27260
27261
27262
27263
27264
27265
28637
27278
27946
27843
27844
27540
28638
27541
28666
27845
27281
27282
27846
27947
28640
28641
28642
27283
27847
27542
27284
27285
27948
27021
27543
27544
27949
27545
27950
28643
28644
28672
27022
27291
28633
28645
27849
27023
27292
27293
27294
27295
27298
27546
28646
28647
27299
27850
27549
27024
27851
28649
27301
27852
27551
27025
28650
27552
27953
27978
27553
27954
27956
27853
27027
27302
27957
27555
27556
27557
28651
27305
28652
27028
27559
28653
28654
28655
28680
27560
27030
27031
27306
27958
27855
27959
27856
27562
28657
28658
27563
28656
28659
27857
27310
27960
28660
27565
27860
28661
27311
27862
27040
27863
27041
27042
27568
28662
27864
27865
28663
27043
27228
27312
27313
27866
28664
27962
27964
27965
27867
27966
27967
27569
27314
27315
28665
27601
27602
27603
27604
27605
27606
27607
27608
27609
27610
27611
27612
27613
27614
27615
27616
27617
27619
27620
27621
27622
27623
27624
27625
27626
27627
27628
27629
27634
27635
27636
27640
27650
27656
27658
27661
27668
27675
27676
27690
27695
27697
27698
27699
27316
27317
27868
27320
27323
28667
27869
27570
27870
28668
28669
27325
27861
27871
27801
27802
27803
27804
27815
27968
27972
27982
27969
27571
28670
27970
27572
27573
27574
27872
27326
27045
27094
27098
27099
28671
27046
27237
27330
27331
27332
27873
27340
27874
28699
27875
27876
27341
27342
27576
27343
27877
27878
27973
28673
27974
27344
27047
27879
27880
27577
27349
27350
27976
27351
28675
27881
27882
27355
27883
27356
28676
28625
28677
28687
27581
27884
27357
27048
28678
27582
28679
27358
27979
27885
27359
27886
28681
28682
27360
27361
28683
27887
27583
27049
27050
28684
27584
28685
27370
27371
28688
27980
28689
28690
27586
28692
27587
27588
27051
27373
27052
27888
27981
28693
27589
27889
27374
27890
27591
27375
27376
27053
28694
27891
27377
28697
27892
27592
27893
27894
27895
27896
27593
27983
27985
27101
27102
27103
27104
27105
27106
27107
27108
27109
27110
27111
27113
27114
27115
27116
27117
27120
27127
27130
27150
27152
27155
27157
27198
27199
27986
27594
27897
27054
27055
27212
27379
27596
27597
28698
28315
28001
28002
28508
28701
28006
28509
28702
28901
28007
28510
28704
28420
28801
28802
28803
28804
28805
28806
28810
28813
28814
28815
28816
28421
28511
28512
28318
28513
28009
28705
28707
28708
28010
28709
28710
28515
28516
28012
28016
28518
28711
28320
28017
28422
28423
28018
28902
28712
28519
28424
28713
28323
28425
28714
28325
28326
28715
28716
28019
28428
28327
28020
28717
28429
