28520
28718
28430
28431
28201
28202
28203
28204
28205
28206
28207
28208
28209
28210
28211
28212
28213
28214
28215
28216
28217
28218
28219
28220
28221
28222
28223
28224
28226
28227
28228
28229
28230
28231
28232
28233
28234
28235
28236
28237
28241
28242
28243
28244
28246
28247
28250
28253
28254
28255
28256
28258
28260
28262
28263
28265
28266
28269
28270
28271
28272
28273
28274
28275
28277
28278
28280
28281
28282
28284
28285
28287
28288
28289
28290
28296
28297
28299
28719
28021
28720
28023
28521
28432
28433
28024
28328
28329
28721
28722
28522
28025
28026
28027
28330
28031
28434
28523
28032
28033
28903
28723
28331
28435
28034
28724
28035
28036
28524
28525
28436
28037
28725
28526
28332
28333
28334
28335
28038
28726
28039
28727
28337
28040
28338
28594
28728
28527
28339
28729
28438
28439
28340
28730
28341
28041
28342
28042
28301
28302
28303
28304
28305
28306
28307
28308
28309
28310
28311
28312
28314
28731
28732
28733
28043
28734
28744
28441
28052
28053
28054
28055
28056
28735
28343
28736
28528
28344
28071
28072
28529
28740
28530
28073
28442
28345
28443
28531
28444
28074
28075
28532
28533
28904
28739
28791
28792
28793
28076
28741
28077
28537
28552
28347
28363
28445
28538
28348
28742
28759
28743
28539
28070
28078
28079
28080
28447
28540
28541
28542
28543
28544
28545
28546
28547
28081
28082
28083
28448
28349
28086
28501
28502
28503
28504
28449
28551
28745
28746
28747
28350
28450
28088
28089
28351
28352
28353
28090
28748
28451
28355
28091
28092
28093
28356
28749
28097
28452
28098
28357
28358
28359
28360
28750
28101
28102
28751
28453
28454
28905
28362
28737
28752
28753
28553
28754
28103
28104
28105
28106
28554
28364
28555
28556
28755
28107
28756
28108
28109
28110
28111
28112
28757
28114
28115
28117
28557
28119
28758
28120
28123
28365
28124
28125
28906
28455
28760
28761
28560
28561
28562
28563
28564
28126
28127
28570
28366
28367
28128
28129
28762
28368
28571
28319
28369
28763
28371
28130
28133
28372
28765
28766
28373
28370
28374
28134
28572
28768
28135
28136
28573
28375
28376
28377
28378
28137
28574
28770
28456
28771
28379
28380
28138
28457
28382
28458
28772
28383
28139
28384
28385
28144
28470
28386
28150
28151
28152
28776
28579
28589
28460
28580
28387
28388
28461
28465
28159
28160
28390
28777
28163
28164
28391
28582
28583
28462
28778
28584
28779
28463
28392
28464
28781
28585
28166
28782
28783
28393
28167
28168
28586
28587
28394
28169
28395
28170
28396
28466
28909
28398
28173
28738
28785
28786
28787
28788
28399
28472
28789
28478
28401
28402
28403
28404
28405
28406
28407
28408
28409
28410
28411
28412
28174
28479
28590
28480
28784
28790
29702
29703
29704
29706
29709
29710
29712
29714
29707
29708
29715
29716
29717
29718
29720
29721
29722
29724
29726
29727
29728
29729
29730
29731
29732
29733
29734
29741
29742
29743
29744
29745
29620
29426
29001
29621
29622
29623
29624
29625
29626
29510
29320
29429
29511
29544
29002
29003
29627
29512
29009
29010
29014
29015
29516
29016
29431
29018
29432
29321
29518
29628
29020
29021
29030
29322
29031
29032
29033
29169
29170
29171
29172
29519
29630
29036
29037
29401
29402
29403
29404
29405
29406
29407
29409
29410
29412
29413
29414
29415
29416
29417
29418
29419
29420
29422
29423
29424
29425
29492
29520
29323
29631
29632
29633
29634
29635
29324
29325
29525
29201
29202
29203
29204
29205
29206
29207
29208
29209
29210
29211
29212
29214
29215
29216
29217
29218
29219
29220
29221
29222
29223
29224
29225
29226
29227
29228
29229
29230
29240
29250
29260
29290
29292
29636
29329
29526
29527
29528
29038
29434
29039
29435
29530
29330
29436
29331
29332
29040
29532
29540
29041
29042
29536
29638
29437
29333
29639
29334
29640
29641
29642
29044
29438
29541
29081
29045
29046
29047
29335
29048
29336
29643
29338
29501
29502
29503
29504
29505
29506
29439
29543
29644
29051
29143
29052
29340
29341
29342
29053
29440
29442
29054
29346
29445
29348
29645
29055
29056
29446
29545
29601
29602
29603
29604
29605
29606
29607
29608
29609
29610
29611
29612
29613
29614
29615
29616
29617
29646
29647
29648
29649
29650
29651
29652
29546
29447
29547
29448
29550
29551
29058
29554
29653
29695
29059
29449
29654
29061
29062
29450
29349
29063
29451
29655
29452
29453
29065
29351
29455
29457
29555
29353
29395
29067
29355
29556
29456
29656
29560
29563
29069
29356
29564
29565
29360
29006
29070
29071
29072
29073
29657
29074
29075
29566
29567
29364
29082
29658
29568
29569
29659
29078
29079
29365
29080
29101
29458
29570
29102
29661
29571
29662
29104
29368
29573
29430
29461
29105
29369
29664
29464
29465
29466
29370
29574
29576
29572
29575
29577
29578
29579
29587
29588
29107
29580
29108
29665
29111
29581
29666
29667
29112
29582
29597
29598
29113
29114
29115
29116
29117
29118
29372
29373
29583
29584
29374
29585
29122
29123
29669
29670
29671
29673
29468
29125
29469
29126
29127
29589
29470
29471
29375
29128
29675
29129
29472
29130
29132
29376
29474
29133
29475
29476
29477
29135
29479
29676
29137
29590
29138
29677
29142
29591
29592
29672
29678
29679
29145
29680
29681
29682
29683
29481
29593
29301
29302
29303
29304
29305
29306
29307
29316
29318
29319
29146
29684
29377
29147
29482
29148
29483
29484
29485
29150
29151
29152
29153
29154
29685
29160
29686
29594
29687
29688
29161
29689
29690
29162
29378
29379
29163
29487
29164
29691
29596
29433
29488
29166
29692
29384
29168
29385
29693
29696
29175
29177
29386
29178
29493
29697
29180
29388
30101
30102
30103
30004
30005
30009
30022
30023
30510
30104
30105
30619
30601
30602
30603
30604
30605
30606
30607
30608
30609
30612
30301
30302
30303
30304
30305
30306
30307
30308
30309
30310
30311
30312
30313
30314
30315
30316
30317
30318
30319
30320
30321
30322
30324
30325
30326
30327
30328
30329
30330
30331
30332
30333
30334
30336
30337
30338
30339
30340
30341
30342
30343
30344
30345
30346
30348
30349
30350
30353
30354
30355
30356
30357
30358
30359
30360
30361
30362
30363
30364
30366
30368
30369
30370
30371
30374
30375
30377
30378
30380
30384
30385
30388
30392
30394
30396
30398
31106
31107
31119
31126
31131
31136
31139
31141
31145
31146
31150
31156
31192
31193
31195
31196
39901
30011
30106
30168
30002
30511
30107
30204
30620
30621
30512
30514
30513
30622
30623
30108
30109
30516
30624
30517
30110
30205
30113
30625
30515
30518
30519
30520
30114
30115
30169
30627
30521
30112
30116
30117
30118
30119
30120
30121
30123
30124
30125
30522
30111
30523
30021
30525
30527
30528
30628
30629
30529
30530
30599
30206
30288
30012
30013
30094
30129
30531
30014
30015
30016
30630
30631
30028
30040
30041
30019
30533
30597
30132
30157
30633
30534
30030
30031
30032
30033
30034
30035
30036
30037
30535
30544
30634
30537
30133
30134
30135
30154
30026
30029
30095
30096
30097
30098
30099
30538
30539
30635
30294
30536
30540
30137
30541
30138
30212
30213
30139
30638
30214
30215
30269
30270
31169
30140
30216
30542
30297
30298
30217
30219
30639
30501
30503
30504
30506
30507
30218
30543
30641
30220
30017
30642
30222
30223
30224
30228
30229
30643
30545
30546
30645
30141
30230
30142
30547
30548
30646
30647
30233
30143
30549
30234
30018
30236
30237
30238
30144
30152
30156
30160
31144
30145
30240
30241
30261
30552
30553
30042
30043
30044
30045
30046
30049
30146
30648
30047
30048
30147
30122
30038
30058
30248
30052
30250
30554
30251
30555
30252
30253
30126
30650
30055
30148
30006
30007
30008
30060
30061
30062
30063
30064
30065
30066
30067
30068
30069
30090
30557
30558
30256
30257
30559
30258
30655
30656
30259
30560
30260
30287
30562
30563
30150
30564
30151
30056
30263
30264
30265
30271
30565
30003
30010
30071
30091
30092
30093
30502
30566
30266
30054
30268
30567
30072
30070
30127
30568
30660
30074
30272
30273
30274
30296
30153
30149
30161
30162
30163
30164
30165
30170
30075
30076
30077
30662
30663
30171
30275
30571
30079
30276
30172
30664
30277
30665
30173
30080
30081
30082
30039
30078
30025
30666
30667
30671
30281
30083
30086
30087
30088
30572
30284
30024
30175
30176
30573
30575
30177
30178
30179
30285
30286
30576
30668
30577
30598
30084
30085
30289
30580
30290
30291
30669
30180
30182
30183
30673
30677
30184
30678
30185
30581
30292
30680
30187
30683
30293
30188
30189
30582
30295
09002
09003
09004
09005
09006
09007
09008
09009
09010
09011
09012
09013
09014
09020
09021
09028
09033
09034
09038
09042
09046
09049
09051
09053
09054
09055
09058
09059
09060
09063
09067
09068
09069
09075
09079
09081
09086
09088
09090
09092
09094
09095
09096
09099
09100
09102
09103
09104
09107
09112
09114
09123
09126
09128
09131
09136
09137
09138
09139
09140
09142
09143
09154
09172
09173
09177
09180
09186
09201
09211
09213
09214
09226
09227
09229
09237
09245
09250
09261
09263
09264
09265
09267
09301
09302
09304
09305
09306
09307
09308
09309
09310
09311
09312
09313
09314
09315
09316
09317
09319
09320
09321
09327
09328
09330
09331
09332
09333
09334
09337
09338
09340
09342
09343
09344
09347
09348
09350
09352
09353
09354
09355
09356
09357
09359
09360
09363
09364
09365
09366
09367
09368
09369
09370
09372
09373
09374
09378
09380
09382
09383
09384
09387
09391
09393
09394
09396
09397
09399
09403
09421
09447
09454
09459
09461
09463
09464
09468
09469
09470
09494
09496
09498
09501
09502
09503
09504
09505
09506
09507
09508
09509
09510
09511
09513
09517
09524
09532
09534
09543
09545
09549
09550
09554
09556
09557
09564
09565
09566
09567
09568
09569
09570
09573
09574
09575
09576
09577
09578
09579
09581
09582
09586
09587
09588
09589
09590
09591
09593
09594
09596
09599
09602
09603
09604
09605
09606
09607
09608
09609
09610
09611
09613
09617
09618
09620
09621
09622
09623
09624
09625
09626
09627
09630
09631
09633
09636
09642
09643
09645
09647
09648
09649
09701
09702
09703
09704
09705
09706
09707
09708
09709
09710
09711
09713
09714
09715
09716
09717
09718
09719
09720
09721
09722
09723
09724
09726
09727
09728
09729
09730
09731
09732
09733
09734
09735
09736
09737
09738
09739
09741
09742
09743
09744
09745
09747
09748
09749
09750
09751
09752
09757
09758
09759
09762
09769
09771
09777
09780
09798
09801
09803
09804
09805
09806
09807
09809
09810
09811
09812
09813
09814
09815
09816
09817
09818
09820
09821
09822
09823
09824
09825
09826
09827
09828
09829
09830
09831
09832
09833
09834
09835
09836
09837
09838
09839
09840
09841
09842
09844
09845
09846
09852
09853
09855
09858
09859
09862
09865
09868
09870
09871
09872
09873
09874
09875
09876
09880
09890
09892
09898
34002
34004
34006
34007
34008
34011
34020
34021
34022
34023
34024
34025
34030
34031
34032
34033
34034
34035
34036
34037
34038
34039
34041
34042
34050
34055
34058
34060
34078
34090
34091
34092
34093
34095
34098
34099
96201
96202
96203
96204
96205
96206
96207
96209
96213
96214
96218
96220
96224
96257
96258
96259
96260
96262
96264
96266
96267
96269
96271
96275
96276
96278
96283
96284
96303
96306
96309
96310
96319
96321
96322
96323
96326
96328
96330
96336
96337
96338
96339
96343
96346
96347
96348
96349
96350
96351
96362
96365
96367
96368
96370
96372
96373
96374
96375
96376
96377
96378
96379
96384
96386
96387
96388
96401
96426
96427
96444
96447
96501
96502
96503
96507
96510
96511
96515
96516
96517
96518
96520
96521
96522
96530
96531
96532
96534
96535
96537
96538
96540
96541
96542
96543
96544
96546
96548
96549
96550
96551
96552
96553
96554
96555
96557
96562
96577
96595
96598
96599
96601
96602
96603
96604
96605
96606
96607
96608
96609
96610
96611
96612
96613
96614
96615
96616
96617
96619
96620
96621
96622
96624
96628
96629
96643
96650
96657
96660
96661
96662
96663
96664
96665
96666
96667
96668
96669
96670
96671
96672
96673
96674
96675
96677
96678
96679
96681
96682
96683
96686
96687
96698
56901
56902
56904
56915
56920
56933
56944
56945
56950
56965
56972
01133
01195
01806
01808
02031
02207
02216
02239
02636
02854
04075
04467
06386
06454
06497
06832
06842
07182
07194
07309
07477
07983
08922
08988
09001
09031
09036
09045
09056
09074
09076
09080
09089
09110
09165
09166
09169
09175
09182
09183
09185
09212
09225
09244
09252
09262
09266
09318
09322
09324
09336
09339
09346
09351
09358
09361
09362
09371
09375
09376
09377
09381
09386
09388
09389
09390
09402
09409
09420
09456
09499
09601
09612
09619
09644
09740
09746
09753
09754
09755
09756
09789
09790
09802
09808
09819
09843
09888
10015
10046
10047
10048
10072
10079
10082
10094
10096
10098
10099
10149
10184
10196
10197
10557
10558
10571
10572
10943
11025
11041
11043
11044
11099
11240
11244
11248
11254
11255
11536
11592
11594
11595
11597
11708
11750
11774
11855
12593
13837
14645
14664
14673
14683
15263
15266
15273
15285
15288
15740
16215
16532
16533
19488
19489
19640
19887
19889
20107
20193
20199
21098
21260
21261
26461
27151
27156
27220
27321
27322
27395
27480
27564
27854
28674
29390
29391
29698
30073
30347
30376
30379
30386
30387
30389
30390
30399
30596
30911
30913
31120
31191
31197
31198
31199
32267
32290
32454
32782
32890
32893
32898
33107
33110
33121
33148
33195
33439
33447
33651
33690
33900
34043
34076
34079
35225
35230
35240
35245
35263
35277
35278
35279
35280
35281
35286
35289
35299
36210
37990
38110
38142
38165
38227
39235
40386
40495
40754
40931
40999
41313
41433
42283
42287
42375
42403
43098
43163
43196
43198
43265
43299
43307
43618
43789
44178
44185
44189
44322
44393
44399
44631
44999
45228
45400
45408
45427
45463
46604
46620
47430
47490
47727
47739
47741
47744
47856
47864
48559
48736
48769
48802
48863
49069
49121
49550
49790
50347
50397
50706
51344
52319
52350
52538
53199
53244
55161
55169
55177
55191
55468
55561
55563
57056
57079
57188
57189
60679
62224
62713
62746
62805
62857
63001
63190
63196
63198
64172
64183
64185
64192
64193
64194
64447
64789
64944
66077
66279
66637
66642
66652
66653
66692
68181
70140
70149
70500
70595
70883
71208
71768
71844
71951
72189
72198
72439
73094
73193
73197
73198
73199
73451
73454
74183
74184
74189
74194
74542
75037
75245
75258
75286
75310
75323
75334
75340
75343
75344
75353
75363
75364
75386
75387
77869
78262
78275
78286
78461
78470
78471
78473
78474
78475
78476
78477
78478
78786
78788
78798
79187
79320
79405
80028
80940
81075
81127
81134
81153
83721
83727
83730
83733
83757
84144
84717
85077
85096
85099
85217
85218
85219
85220
85221
85222
85223
85227
85228
85230
85231
85232
85235
85237
85238
85239
85240
85241
85242
85243
85245
85247
85272
85273
85278
85279
16554
16918
17008
17091
17270
17326
17738
17773
18175
18514
18522
19483
19487
21265
21268
21274
21283
21606
21681
21682
21683
21684
21685
21686
21687
21688
22047
22092
22093
22120
22184
22218
22223
22229
22234
22321
22336
22721
23101
23240
23825
24044
24045
24048
24512
24544
24842
24961
25429
25926
25965
36501
36621
36622
36690
37237
37245
37247
37248
37249
57192
57194
57195
57196
58319
59773
60049
60092
60125
60570
60597
60663
75388
75396
76299
76545
76546
76795
77097
77246
77247
77250
77260
77276
77278
77285
77286
77294
77296
77298
85289
85290
85291
85292
85293
85294
85313
85777
86330
86555
87165
89824
90102
90313
90397
90398
90612
90659
90845
90888
91131
91191
91363
91388
91399
91497
91797
91798
91799
91841
91990
92090
92133
92194
92292
92709
92710
93093
93381
93382
93780
93784
94013
94101
94106
94135
94136
94138
94150
94152
94155
94175
94199
94625
95250
95314
96212
96215
96217
96219
96221
96297
96311
96313
96536
96634
96827
96835
97078
97251
97253
97254
97255
97259
97271
97272
97299
97313
97372
97425
97427
97428
97472
97482
98054
98151
98171
98184
98442
98450
98455
98460
98477
98492
98667
98929
99165
99779
09300
09303
09379
96400
96547
34009
34010
34001
34071
97475
